0,0.000000,0.000000,0.000000,0.000000,0.000000,0.000000,0.000000,0.000000,0.000000,0.000000,
0,0.000000,0.000000,0.000000,0.000000,0.000000,0.000000,0.000000,0.000000,0.000000,0.000000,
5,0.000001,0.000001,0.000001,0.000001,0.000001,0.000001,0.000001,0.000001,0.000001,0.000001,
10,0.000002,0.000002,0.000002,0.000002,0.000002,0.000002,0.000002,0.000002,0.000002,0.000002,
15,0.000003,0.000003,0.000003,0.000003,0.000003,0.000003,0.000003,0.000003,0.000003,0.000003,
20,0.000004,0.000004,0.000004,0.000004,0.000004,0.000004,0.000004,0.000004,0.000004,0.000004,
25,0.000005,0.000005,0.000005,0.000005,0.000006,0.000005,0.000005,0.000005,0.000005,0.000005,
30,0.000007,0.000006,0.000006,0.000006,0.000006,0.000007,0.000006,0.000006,0.000006,0.000006,
35,0.000007,0.000008,0.000007,0.000007,0.000007,0.000008,0.000007,0.000007,0.000007,0.000007,
40,0.000009,0.000008,0.000008,0.000009,0.000009,0.000009,0.000009,0.000009,0.000008,0.000008,
45,0.000009,0.000010,0.000009,0.000009,0.000009,0.000010,0.000009,0.000009,0.000010,0.000010,
50,0.000011,0.000010,0.000011,0.000010,0.000010,0.000011,0.000010,0.000011,0.000011,0.000011,
55,0.000012,0.000011,0.000011,0.000011,0.000012,0.000012,0.000012,0.000011,0.000011,0.000011,
60,0.000012,0.000012,0.000012,0.000014,0.000013,0.000012,0.000012,0.000013,0.000013,0.000013,
65,0.000014,0.000014,0.000014,0.000015,0.000014,0.000014,0.000013,0.000014,0.000014,0.000015,
70,0.000016,0.000015,0.000015,0.000016,0.000015,0.000015,0.000015,0.000015,0.000016,0.000015,
75,0.000016,0.000017,0.000016,0.000017,0.000016,0.000016,0.000017,0.000016,0.000016,0.000016,
80,0.000017,0.000017,0.000017,0.000017,0.000017,0.000017,0.000017,0.000017,0.000017,0.000017,
85,0.000018,0.000018,0.000018,0.000018,0.000019,0.000018,0.000018,0.000018,0.000018,0.000018,
90,0.000020,0.000019,0.000019,0.000019,0.000019,0.000019,0.000020,0.000019,0.000019,0.000020,
95,0.000020,0.000021,0.000021,0.000020,0.000021,0.000021,0.000020,0.000020,0.000021,0.000021,
100,0.000023,0.000021,0.000022,0.000021,0.000021,0.000022,0.000022,0.000023,0.000021,0.000022,
105,0.000024,0.000023,0.000023,0.000023,0.000022,0.000024,0.000023,0.000023,0.000024,0.000022,
110,0.000024,0.000025,0.000024,0.000025,0.000024,0.000024,0.000023,0.000023,0.000025,0.000024,
115,0.000026,0.000026,0.000026,0.000025,0.000025,0.000026,0.000025,0.000025,0.000026,0.000024,
120,0.000027,0.000027,0.000026,0.000026,0.000026,0.000026,0.000027,0.000026,0.000026,0.000026,
125,0.000027,0.000028,0.000027,0.000028,0.000028,0.000027,0.000028,0.000028,0.000028,0.000029,
130,0.000031,0.000030,0.000030,0.000029,0.000030,0.000030,0.000030,0.000030,0.000030,0.000030,
135,0.000032,0.000031,0.000031,0.000032,0.000030,0.000030,0.000030,0.000032,0.000032,0.000032,
140,0.000033,0.000031,0.000033,0.000034,0.000033,0.000032,0.000031,0.000032,0.000031,0.000032,
145,0.000032,0.000033,0.000035,0.000033,0.000033,0.000033,0.000034,0.000033,0.000032,0.000032,
150,0.000033,0.000036,0.000036,0.000034,0.000034,0.000034,0.000034,0.000034,0.000034,0.000034,
155,0.000035,0.000037,0.000035,0.000037,0.000035,0.000034,0.000034,0.000036,0.000035,0.000035,
160,0.000037,0.000038,0.000038,0.000038,0.000036,0.000036,0.000035,0.000038,0.000038,0.000036,
165,0.000036,0.000037,0.000038,0.000039,0.000039,0.000039,0.000038,0.000039,0.000039,0.000038,
170,0.000040,0.000038,0.000040,0.000040,0.000040,0.000039,0.000039,0.000039,0.000039,0.000039,
175,0.000042,0.000041,0.000042,0.000041,0.000039,0.000041,0.000039,0.000040,0.000039,0.000039,
180,0.000041,0.000041,0.000043,0.000041,0.000043,0.000041,0.000040,0.000043,0.000043,0.000042,
185,0.000044,0.000042,0.000042,0.000044,0.000044,0.000042,0.000041,0.000043,0.000042,0.000042,
190,0.000043,0.000044,0.000044,0.000043,0.000044,0.000043,0.000043,0.000043,0.000043,0.000043,
195,0.000046,0.000045,0.000044,0.000047,0.000044,0.000044,0.000045,0.000044,0.000044,0.000047,
200,0.000046,0.000045,0.000044,0.000046,0.000048,0.000045,0.000047,0.000044,0.000048,0.000045,
205,0.000049,0.000046,0.000045,0.000047,0.000046,0.000049,0.000046,0.000047,0.000046,0.000049,
210,0.000047,0.000048,0.000049,0.000050,0.000048,0.000047,0.000050,0.000048,0.000046,0.000048,
215,0.000049,0.000051,0.000047,0.000049,0.000047,0.000050,0.000049,0.000047,0.000051,0.000049,
220,0.000050,0.000051,0.000050,0.000050,0.000051,0.000049,0.000050,0.000050,0.000049,0.000050,
225,0.000051,0.000050,0.000051,0.000051,0.000051,0.000051,0.000051,0.000051,0.000051,0.000051,
230,0.000053,0.000053,0.000055,0.000053,0.000052,0.000052,0.000051,0.000052,0.000052,0.000052,
235,0.000051,0.000055,0.000056,0.000053,0.000053,0.000055,0.000056,0.000056,0.000053,0.000053,
240,0.000053,0.000057,0.000054,0.000055,0.000054,0.000057,0.000057,0.000054,0.000055,0.000053,
245,0.000057,0.000055,0.000055,0.000057,0.000055,0.000058,0.000055,0.000058,0.000056,0.000057,
250,0.000058,0.000058,0.000056,0.000057,0.000059,0.000056,0.000058,0.000056,0.000058,0.000058,
255,0.000061,0.000059,0.000059,0.000061,0.000059,0.000061,0.000058,0.000059,0.000057,0.000058,
260,0.000060,0.000063,0.000063,0.000063,0.000060,0.000061,0.000060,0.000061,0.000063,0.000060,
265,0.000062,0.000061,0.000064,0.000064,0.000060,0.000063,0.000061,0.000061,0.000064,0.000061,
270,0.000064,0.000066,0.000063,0.000062,0.000061,0.000064,0.000062,0.000062,0.000064,0.000062,
275,0.000064,0.000067,0.000064,0.000063,0.000064,0.000062,0.000063,0.000064,0.000063,0.000066,
280,0.000064,0.000064,0.000068,0.000065,0.000064,0.000063,0.000068,0.000065,0.000065,0.000064,
285,0.000067,0.000067,0.000064,0.000069,0.000069,0.000066,0.000069,0.000066,0.000065,0.000066,
290,0.000066,0.000067,0.000070,0.000070,0.000068,0.000067,0.000067,0.000068,0.000067,0.000069,
295,0.000068,0.000068,0.000066,0.000068,0.000071,0.000070,0.000067,0.000068,0.000070,0.000067,
300,0.000069,0.000072,0.000069,0.000072,0.000067,0.000067,0.000069,0.000072,0.000072,0.000069,
305,0.000068,0.000068,0.000070,0.000071,0.000070,0.000069,0.000068,0.000072,0.000073,0.000072,
310,0.000073,0.000072,0.000074,0.000071,0.000069,0.000073,0.000073,0.000071,0.000073,0.000074,
315,0.000072,0.000072,0.000074,0.000076,0.000074,0.000072,0.000072,0.000074,0.000073,0.000070,
320,0.000074,0.000074,0.000074,0.000077,0.000077,0.000077,0.000071,0.000074,0.000077,0.000075,
325,0.000078,0.000075,0.000073,0.000078,0.000074,0.000074,0.000072,0.000077,0.000075,0.000074,
330,0.000078,0.000074,0.000075,0.000075,0.000076,0.000077,0.000078,0.000078,0.000076,0.000078,
335,0.000079,0.000075,0.000080,0.000079,0.000079,0.000080,0.000077,0.000076,0.000076,0.000075,
340,0.000081,0.000082,0.000080,0.000079,0.000078,0.000082,0.000078,0.000078,0.000078,0.000078,
345,0.000083,0.000082,0.000079,0.000078,0.000079,0.000079,0.000083,0.000077,0.000081,0.000079,
350,0.000080,0.000080,0.000083,0.000084,0.000083,0.000079,0.000080,0.000080,0.000080,0.000084,
355,0.000081,0.000082,0.000081,0.000085,0.000085,0.000083,0.000083,0.000083,0.000085,0.000082,
360,0.000083,0.000086,0.000083,0.000086,0.000082,0.000085,0.000082,0.000082,0.000084,0.000082,
365,0.000085,0.000088,0.000085,0.000084,0.000084,0.000083,0.000085,0.000083,0.000083,0.000083,
370,0.000085,0.000084,0.000089,0.000085,0.000089,0.000085,0.000088,0.000086,0.000085,0.000084,
375,0.000086,0.000090,0.000090,0.000085,0.000085,0.000085,0.000090,0.000089,0.000090,0.000085,
380,0.000087,0.000092,0.000090,0.000089,0.000091,0.000089,0.000091,0.000091,0.000091,0.000086,
385,0.000087,0.000092,0.000092,0.000089,0.000087,0.000087,0.000087,0.000092,0.000087,0.000091,
390,0.000095,0.000091,0.000090,0.000090,0.000091,0.000092,0.000093,0.000095,0.000093,0.000089,
395,0.000091,0.000096,0.000092,0.000091,0.000092,0.000096,0.000093,0.000092,0.000096,0.000094,
400,0.000095,0.000090,0.000097,0.000093,0.000091,0.000093,0.000094,0.000093,0.000092,0.000093,
405,0.000093,0.000094,0.000091,0.000093,0.000092,0.000096,0.000093,0.000093,0.000098,0.000094,
410,0.000099,0.000099,0.000094,0.000093,0.000093,0.000094,0.000100,0.000099,0.000093,0.000094,
415,0.000091,0.000096,0.000100,0.000094,0.000095,0.000094,0.000093,0.000098,0.000097,0.000093,
420,0.000095,0.000099,0.000101,0.000100,0.000098,0.000102,0.000100,0.000100,0.000102,0.000097,
425,0.000096,0.000095,0.000094,0.000099,0.000095,0.000096,0.000101,0.000099,0.000103,0.000098,
430,0.000099,0.000103,0.000098,0.000095,0.000100,0.000097,0.000100,0.000100,0.000104,0.000097,
435,0.000100,0.000105,0.000104,0.000096,0.000099,0.000100,0.000105,0.000101,0.000103,0.000102,
440,0.000099,0.000106,0.000101,0.000106,0.000106,0.000099,0.000101,0.000102,0.000104,0.000101,
445,0.000100,0.000104,0.000103,0.000107,0.000106,0.000105,0.000101,0.000105,0.000102,0.000103,
450,0.000105,0.000106,0.000108,0.000106,0.000103,0.000104,0.000104,0.000103,0.000104,0.000102,
455,0.000110,0.000103,0.000104,0.000109,0.000105,0.000110,0.000102,0.000104,0.000104,0.000102,
460,0.000107,0.000104,0.000105,0.000105,0.000106,0.000111,0.000105,0.000110,0.000104,0.000109,
465,0.000112,0.000103,0.000110,0.000109,0.000107,0.000109,0.000105,0.000104,0.000112,0.000112,
470,0.000111,0.000105,0.000109,0.000110,0.000108,0.000107,0.000107,0.000113,0.000111,0.000107,
475,0.000111,0.000112,0.000110,0.000112,0.000109,0.000109,0.000112,0.000109,0.000109,0.000111,
480,0.000111,0.000110,0.000112,0.000116,0.000110,0.000110,0.000116,0.000115,0.000106,0.000109,
485,0.000110,0.000114,0.000109,0.000117,0.000116,0.000111,0.000111,0.000112,0.000116,0.000116,
490,0.000117,0.000115,0.000110,0.000113,0.000118,0.000112,0.000112,0.000108,0.000118,0.000117,
495,0.000108,0.000114,0.000110,0.000113,0.000114,0.000116,0.000120,0.000116,0.000112,0.000118,
500,0.000117,0.000111,0.000116,0.000116,0.000116,0.000117,0.000115,0.000116,0.000120,0.000115,
505,0.000115,0.000121,0.000114,0.000115,0.000118,0.000116,0.000122,0.000117,0.000116,0.000115,
510,0.000119,0.000119,0.000119,0.000116,0.000124,0.000118,0.000118,0.000113,0.000119,0.000122,
515,0.000123,0.000126,0.000116,0.000121,0.000125,0.000119,0.000119,0.000125,0.000119,0.000125,
520,0.000124,0.000117,0.000124,0.000120,0.000120,0.000120,0.000120,0.000123,0.000122,0.000126,
525,0.000122,0.000127,0.000125,0.000122,0.000119,0.000121,0.000124,0.000123,0.000121,0.000125,
530,0.000123,0.000122,0.000129,0.000123,0.000125,0.000128,0.000122,0.000122,0.000119,0.000122,
535,0.000124,0.000127,0.000121,0.000123,0.000124,0.000129,0.000123,0.000124,0.000124,0.000123,
540,0.000131,0.000124,0.000131,0.000121,0.000125,0.000131,0.000124,0.000121,0.000125,0.000126,
545,0.000126,0.000122,0.000132,0.000127,0.000122,0.000128,0.000122,0.000126,0.000132,0.000126,
550,0.000128,0.000127,0.000127,0.000133,0.000123,0.000124,0.000127,0.000133,0.000133,0.000125,
555,0.000135,0.000135,0.000129,0.000127,0.000124,0.000128,0.000129,0.000128,0.000130,0.000125,
560,0.000131,0.000136,0.000128,0.000128,0.000128,0.000135,0.000136,0.000130,0.000129,0.000129,
565,0.000132,0.000129,0.000131,0.000130,0.000130,0.000132,0.000131,0.000131,0.000136,0.000137,
570,0.000128,0.000131,0.000131,0.000132,0.000132,0.000131,0.000136,0.000138,0.000132,0.000128,
575,0.000131,0.000136,0.000135,0.000138,0.000130,0.000133,0.000129,0.000134,0.000134,0.000132,
580,0.000132,0.000140,0.000133,0.000133,0.000134,0.000133,0.000134,0.000132,0.000137,0.000140,
585,0.000138,0.000141,0.000137,0.000134,0.000134,0.000132,0.000141,0.000135,0.000142,0.000141,
590,0.000137,0.000135,0.000138,0.000142,0.000136,0.000136,0.000133,0.000136,0.000143,0.000139,
595,0.000137,0.000137,0.000144,0.000144,0.000140,0.000135,0.000133,0.000139,0.000141,0.000132,
600,0.000144,0.000138,0.000145,0.000142,0.000136,0.000135,0.000134,0.000135,0.000133,0.000144,
605,0.000138,0.000138,0.000139,0.000139,0.000139,0.000141,0.000137,0.000139,0.000146,0.000139,
610,0.000147,0.000140,0.000140,0.000148,0.000146,0.000140,0.000139,0.000141,0.000146,0.000140,
615,0.000141,0.000147,0.000149,0.000142,0.000143,0.000141,0.000143,0.000148,0.000142,0.000146,
620,0.000140,0.000147,0.000144,0.000142,0.000142,0.000143,0.000145,0.000150,0.000145,0.000143,
625,0.000143,0.000150,0.000144,0.000142,0.000147,0.000143,0.000148,0.000146,0.000151,0.000144,
630,0.000146,0.000147,0.000140,0.000138,0.000148,0.000142,0.000144,0.000138,0.000148,0.000142,
635,0.000143,0.000146,0.000140,0.000143,0.000144,0.000141,0.000142,0.000138,0.000149,0.000142,
640,0.000148,0.000152,0.000149,0.000149,0.000149,0.000141,0.000148,0.000144,0.000152,0.000152,
645,0.000143,0.000147,0.000146,0.000146,0.000141,0.000153,0.000142,0.000148,0.000148,0.000148,
650,0.000150,0.000153,0.000144,0.000149,0.000149,0.000153,0.000149,0.000150,0.000147,0.000149,
655,0.000157,0.000154,0.000149,0.000151,0.000152,0.000153,0.000152,0.000154,0.000151,0.000152,
660,0.000152,0.000154,0.000153,0.000149,0.000160,0.000158,0.000154,0.000160,0.000149,0.000153,
665,0.000154,0.000154,0.000154,0.000154,0.000162,0.000155,0.000156,0.000155,0.000154,0.000151,
670,0.000154,0.000154,0.000163,0.000159,0.000155,0.000163,0.000155,0.000158,0.000154,0.000154,
675,0.000155,0.000161,0.000164,0.000153,0.000153,0.000157,0.000155,0.000156,0.000154,0.000160,
680,0.000162,0.000165,0.000157,0.000154,0.000157,0.000157,0.000157,0.000154,0.000162,0.000158,
685,0.000166,0.000158,0.000163,0.000154,0.000156,0.000158,0.000159,0.000166,0.000158,0.000159,
690,0.000159,0.000167,0.000160,0.000156,0.000161,0.000159,0.000167,0.000159,0.000160,0.000161,
695,0.000165,0.000165,0.000161,0.000161,0.000157,0.000165,0.000168,0.000169,0.000163,0.000161,
700,0.000163,0.000157,0.000158,0.000157,0.000161,0.000157,0.000157,0.000157,0.000163,0.000163,
705,0.000163,0.000163,0.000156,0.000167,0.000166,0.000163,0.000163,0.000163,0.000159,0.000165,
710,0.000172,0.000161,0.000163,0.000169,0.000162,0.000165,0.000165,0.000164,0.000164,0.000167,
715,0.000167,0.000167,0.000166,0.000171,0.000172,0.000165,0.000168,0.000165,0.000166,0.000167,
720,0.000165,0.000167,0.000166,0.000167,0.000162,0.000171,0.000167,0.000166,0.000165,0.000174,
725,0.000164,0.000167,0.000176,0.000170,0.000170,0.000167,0.000170,0.000164,0.000176,0.000168,
730,0.000165,0.000173,0.000170,0.000168,0.000169,0.000168,0.000168,0.000174,0.000165,0.000169,
735,0.000172,0.000169,0.000178,0.000170,0.000170,0.000169,0.000171,0.000173,0.000172,0.000171,
740,0.000167,0.000172,0.000170,0.000175,0.000169,0.000171,0.000171,0.000170,0.000179,0.000170,
745,0.000171,0.000173,0.000177,0.000168,0.000181,0.000171,0.000173,0.000180,0.000171,0.000172,
750,0.000182,0.000172,0.000171,0.000182,0.000178,0.000174,0.000169,0.000172,0.000174,0.000173,
755,0.000175,0.000174,0.000182,0.000175,0.000183,0.000173,0.000174,0.000175,0.000173,0.000174,
760,0.000170,0.000173,0.000175,0.000176,0.000178,0.000176,0.000177,0.000182,0.000175,0.000177,
765,0.000179,0.000177,0.000186,0.000186,0.000171,0.000178,0.000174,0.000177,0.000177,0.000173,
770,0.000179,0.000178,0.000179,0.000178,0.000178,0.000175,0.000175,0.000174,0.000173,0.000183,
775,0.000183,0.000174,0.000175,0.000184,0.000174,0.000174,0.000175,0.000172,0.000174,0.000179,
780,0.000175,0.000178,0.000176,0.000175,0.000178,0.000184,0.000184,0.000182,0.000178,0.000181,
785,0.000181,0.000188,0.000179,0.000185,0.000181,0.000177,0.000189,0.000175,0.000180,0.000180,
790,0.000181,0.000181,0.000181,0.000182,0.000181,0.000181,0.000182,0.000179,0.000174,0.000185,
795,0.000182,0.000192,0.000183,0.000181,0.000183,0.000190,0.000184,0.000179,0.000192,0.000188,
800,0.000185,0.000193,0.000186,0.000180,0.000194,0.000185,0.000177,0.000192,0.000184,0.000185,
805,0.000196,0.000181,0.000187,0.000187,0.000196,0.000186,0.000186,0.000185,0.000181,0.000190,
810,0.000187,0.000189,0.000187,0.000184,0.000187,0.000195,0.000190,0.000191,0.000187,0.000183,
815,0.000190,0.000189,0.000198,0.000188,0.000187,0.000197,0.000197,0.000197,0.000187,0.000188,
820,0.000189,0.000191,0.000197,0.000187,0.000189,0.000190,0.000195,0.000195,0.000185,0.000189,
825,0.000192,0.000191,0.000189,0.000192,0.000189,0.000190,0.000187,0.000191,0.000197,0.000192,
830,0.000193,0.000193,0.000191,0.000193,0.000191,0.000195,0.000198,0.000201,0.000193,0.000191,
835,0.000199,0.000194,0.000194,0.000203,0.000193,0.000202,0.000193,0.000195,0.000194,0.000189,
840,0.000199,0.000196,0.000203,0.000194,0.000194,0.000196,0.000194,0.000195,0.000194,0.000196,
845,0.000196,0.000196,0.000194,0.000196,0.000194,0.000195,0.000195,0.000198,0.000199,0.000198,
850,0.000196,0.000198,0.000196,0.000198,0.000194,0.000197,0.000191,0.000198,0.000201,0.000195,
855,0.000198,0.000197,0.000199,0.000199,0.000208,0.000200,0.000204,0.000197,0.000196,0.000199,
860,0.000195,0.000200,0.000200,0.000200,0.000198,0.000195,0.000199,0.000208,0.000203,0.000199,
865,0.000202,0.000199,0.000198,0.000200,0.000201,0.000194,0.000201,0.000200,0.000195,0.000210,
870,0.000202,0.000205,0.000200,0.000200,0.000203,0.000195,0.000206,0.000204,0.000211,0.000202,
875,0.000196,0.000202,0.000203,0.000203,0.000202,0.000202,0.000205,0.000202,0.000213,0.000205,
880,0.000199,0.000213,0.000206,0.000207,0.000213,0.000199,0.000203,0.000204,0.000207,0.000207,
885,0.000205,0.000212,0.000205,0.000207,0.000204,0.000214,0.000205,0.000206,0.000200,0.000215,
890,0.000216,0.000204,0.000208,0.000203,0.000203,0.000204,0.000203,0.000213,0.000205,0.000214,
895,0.000208,0.000202,0.000204,0.000204,0.000206,0.000216,0.000205,0.000202,0.000206,0.000206,
900,0.000206,0.000210,0.000207,0.000207,0.000207,0.000217,0.000201,0.000206,0.000207,0.000207,
905,0.000203,0.000205,0.000208,0.000212,0.000208,0.000205,0.000208,0.000207,0.000209,0.000207,
910,0.000213,0.000205,0.000219,0.000210,0.000204,0.000209,0.000210,0.000218,0.000212,0.000210,
915,0.000212,0.000223,0.000211,0.000209,0.000212,0.000222,0.000211,0.000208,0.000223,0.000212,
920,0.000212,0.000212,0.000212,0.000213,0.000223,0.000213,0.000215,0.000210,0.000213,0.000224,
925,0.000217,0.000211,0.000212,0.000219,0.000213,0.000210,0.000214,0.000210,0.000214,0.000213,
930,0.000218,0.000226,0.000216,0.000221,0.000219,0.000215,0.000226,0.000209,0.000217,0.000215,
935,0.000217,0.000218,0.000209,0.000215,0.000217,0.000216,0.000217,0.000216,0.000218,0.000216,
940,0.000217,0.000217,0.000210,0.000218,0.000217,0.000217,0.000229,0.000222,0.000223,0.000218,
945,0.000230,0.000220,0.000222,0.000214,0.000220,0.000218,0.000217,0.000220,0.000213,0.000219,
950,0.000220,0.000219,0.000230,0.000218,0.000222,0.000215,0.000220,0.000220,0.000215,0.000221,
955,0.000220,0.000219,0.000221,0.000220,0.000220,0.000233,0.000232,0.000229,0.000221,0.000219,
960,0.000228,0.000220,0.000231,0.000217,0.000229,0.000234,0.000230,0.000225,0.000217,0.000230,
965,0.000225,0.000222,0.000219,0.000222,0.000225,0.000225,0.000225,0.000223,0.000224,0.000224,
970,0.000228,0.000217,0.000222,0.000222,0.000219,0.000225,0.000233,0.000236,0.000235,0.000219,
975,0.000223,0.000225,0.000236,0.000232,0.000224,0.000221,0.000225,0.000225,0.000237,0.000226,
980,0.000225,0.000237,0.000237,0.000227,0.000230,0.000227,0.000227,0.000229,0.000227,0.000225,
985,0.000228,0.000234,0.000227,0.000228,0.000230,0.000227,0.000229,0.000230,0.000227,0.000235,
990,0.000227,0.000228,0.000229,0.000229,0.000227,0.000228,0.000241,0.000231,0.000230,0.000228,
995,0.000229,0.000231,0.000230,0.000230,0.000230,0.000237,0.000232,0.000231,0.000229,0.000229,
1000,0.000227,0.000242,0.000232,0.000231,0.000227,0.000228,0.000233,0.000228,0.000224,0.000231,