0,0.000001,0.000000,0.000000,0.000000,0.000000,0.000005,0.000000,0.000000,0.000000,0.000000,
0,0.000001,0.000000,0.000000,0.000000,0.000000,0.000005,0.000000,0.000000,0.000000,0.000000,
5,0.000004,0.000006,0.000005,0.000003,0.000003,0.000005,0.000003,0.000003,0.000006,0.000005,
10,0.000004,0.000006,0.000005,0.000006,0.000004,0.000018,0.000008,0.000005,0.000006,0.000005,
15,0.000010,0.000007,0.000008,0.000007,0.000011,0.000009,0.000007,0.000009,0.000007,0.000007,
20,0.000011,0.000009,0.000010,0.000009,0.000011,0.000011,0.000009,0.000014,0.000009,0.000011,
25,0.000013,0.000015,0.000013,0.000017,0.000010,0.000013,0.000011,0.000015,0.000010,0.000010,
30,0.000014,0.000015,0.000016,0.000014,0.000014,0.000014,0.000016,0.000012,0.000015,0.000015,
35,0.000017,0.000017,0.000016,0.000020,0.000014,0.000016,0.000020,0.000016,0.000017,0.000017,
40,0.000018,0.000019,0.000019,0.000019,0.000018,0.000022,0.000018,0.000018,0.000021,0.000018,
45,0.000021,0.000020,0.000020,0.000021,0.000020,0.000020,0.000021,0.000020,0.000024,0.000020,
50,0.000023,0.000022,0.000023,0.000024,0.000022,0.000025,0.000023,0.000023,0.000022,0.000024,
55,0.000025,0.000027,0.000025,0.000026,0.000024,0.000026,0.000026,0.000028,0.000027,0.000027,
60,0.000032,0.000028,0.000028,0.000027,0.000027,0.000029,0.000029,0.000026,0.000031,0.000027,
65,0.000032,0.000036,0.000030,0.000033,0.000031,0.000031,0.000034,0.000030,0.000031,0.000031,
70,0.000036,0.000035,0.000033,0.000036,0.000034,0.000033,0.000034,0.000034,0.000033,0.000037,
75,0.000041,0.000035,0.000037,0.000035,0.000036,0.000037,0.000064,0.000035,0.000035,0.000037,
80,0.000038,0.000192,0.000039,0.000040,0.000040,0.000038,0.000038,0.000038,0.000040,0.000040,
85,0.000044,0.000042,0.000042,0.000043,0.000040,0.000044,0.000040,0.000042,0.000042,0.000040,
90,0.000044,0.000045,0.000047,0.000047,0.000045,0.000043,0.000048,0.000049,0.000044,0.000046,
95,0.000050,0.000051,0.000049,0.000047,0.000047,0.000050,0.000048,0.000048,0.000047,0.000046,
100,0.000054,0.000050,0.000054,0.000052,0.000053,0.000053,0.000051,0.000050,0.000049,0.000054,
105,0.000057,0.000053,0.000055,0.000057,0.000057,0.000054,0.000056,0.000055,0.000060,0.000056,
110,0.000212,0.000058,0.000061,0.000060,0.000059,0.000057,0.000058,0.000058,0.000057,0.000061,
115,0.000061,0.000063,0.000063,0.000061,0.000063,0.000062,0.000067,0.000063,0.000066,0.000061,
120,0.000069,0.000068,0.000067,0.000067,0.000067,0.000068,0.000068,0.000069,0.000066,0.000069,
125,0.000073,0.000073,0.000070,0.000069,0.000073,0.000069,0.000074,0.000071,0.000070,0.000072,
130,0.000074,0.000229,0.000073,0.000078,0.000076,0.000075,0.000074,0.000078,0.000075,0.000074,
135,0.000081,0.000078,0.000082,0.000079,0.000079,0.000079,0.000083,0.000081,0.000078,0.000078,
140,0.000085,0.000088,0.000083,0.000085,0.000084,0.000085,0.000085,0.000083,0.000083,0.000085,
145,0.000091,0.000089,0.000089,0.000241,0.000092,0.000091,0.000089,0.000089,0.000089,0.000091,
150,0.000094,0.000094,0.000093,0.000095,0.000095,0.000093,0.000093,0.000096,0.000097,0.000094,
155,0.000102,0.000101,0.000102,0.000103,0.000105,0.000101,0.000100,0.000102,0.000105,0.000167,
160,0.000103,0.000256,0.000107,0.000104,0.000105,0.000102,0.000105,0.000104,0.000106,0.000104,
165,0.000109,0.000113,0.000109,0.000110,0.000109,0.000110,0.000108,0.000111,0.000110,0.000109,
170,0.000115,0.000114,0.000114,0.000116,0.000119,0.000267,0.000114,0.000115,0.000115,0.000115,
175,0.000118,0.000122,0.000118,0.000122,0.000120,0.000119,0.000120,0.000120,0.000121,0.000122,
180,0.000125,0.000124,0.000127,0.000125,0.000128,0.000125,0.000127,0.000278,0.000130,0.000125,
185,0.000132,0.000134,0.000132,0.000137,0.000132,0.000132,0.000135,0.000135,0.000130,0.000131,
190,0.000142,0.000137,0.000138,0.000142,0.000143,0.000139,0.000288,0.000140,0.000137,0.000139,
195,0.000145,0.000146,0.000142,0.000146,0.000145,0.000145,0.000144,0.000145,0.000146,0.000147,
200,0.000151,0.000152,0.000150,0.000190,0.000307,0.000157,0.000153,0.000155,0.000155,0.000154,
205,0.000162,0.000160,0.000163,0.000160,0.000163,0.000159,0.000161,0.000161,0.000161,0.000160,
210,0.000166,0.000315,0.000168,0.000167,0.000165,0.000168,0.000167,0.000165,0.000167,0.000165,
215,0.000179,0.000173,0.000170,0.000170,0.000175,0.000172,0.000325,0.000173,0.000173,0.000176,
220,0.000183,0.000181,0.000182,0.000183,0.000181,0.000181,0.000183,0.000179,0.000181,0.000181,
225,0.000190,0.000333,0.000188,0.000187,0.000187,0.000186,0.000186,0.000191,0.000188,0.000186,
230,0.000193,0.000193,0.000198,0.000273,0.000347,0.000192,0.000198,0.000201,0.000192,0.000189,
235,0.000198,0.000196,0.000199,0.000197,0.000196,0.000198,0.000197,0.000197,0.000348,0.000196,
240,0.000206,0.000202,0.000204,0.000207,0.000208,0.000204,0.000210,0.000205,0.000210,0.000209,
245,0.000358,0.000214,0.000212,0.000213,0.000211,0.000213,0.000212,0.000216,0.000213,0.000212,
250,0.000223,0.000220,0.000364,0.000218,0.000222,0.000220,0.000218,0.000217,0.000223,0.000223,
255,0.000228,0.000228,0.000230,0.000239,0.000374,0.000234,0.000233,0.000235,0.000232,0.000235,
260,0.000244,0.000241,0.000242,0.000238,0.000241,0.000390,0.000237,0.000235,0.000233,0.000236,
265,0.000245,0.000245,0.000244,0.000244,0.000242,0.000244,0.000391,0.000244,0.000242,0.000244,
270,0.000250,0.000249,0.000251,0.000248,0.000254,0.000254,0.000405,0.000254,0.000253,0.000249,
275,0.000261,0.000260,0.000263,0.000259,0.000261,0.000262,0.000402,0.000267,0.000267,0.000267,
280,0.000273,0.000273,0.000273,0.000275,0.000272,0.000273,0.000424,0.000274,0.000272,0.000278,
285,0.000284,0.000284,0.000283,0.000282,0.000282,0.000434,0.000281,0.000284,0.000281,0.000286,
290,0.000292,0.000293,0.000294,0.000294,0.000436,0.000292,0.000291,0.000293,0.000293,0.000290,
295,0.000299,0.000301,0.000311,0.000440,0.000299,0.000299,0.000297,0.000294,0.000294,0.000296,
300,0.000304,0.000301,0.000440,0.000302,0.000303,0.000302,0.000306,0.000304,0.000305,0.000300,
305,0.000456,0.000315,0.000321,0.000318,0.000310,0.000316,0.000311,0.000312,0.000314,0.000461,
310,0.000318,0.000321,0.000320,0.000323,0.000320,0.000324,0.000382,0.000470,0.000324,0.000325,
315,0.000332,0.000341,0.000336,0.000335,0.000333,0.000479,0.000332,0.000331,0.000342,0.000338,
320,0.000337,0.000339,0.000480,0.000340,0.000340,0.000342,0.000343,0.000342,0.000337,0.000341,
325,0.000492,0.000355,0.000354,0.000350,0.000359,0.000356,0.000358,0.000513,0.000357,0.000360,
330,0.000370,0.000369,0.000365,0.000369,0.000514,0.000367,0.000363,0.000369,0.000364,0.000361,
335,0.000374,0.000517,0.000377,0.000375,0.000374,0.000378,0.000377,0.000378,0.000528,0.000516,
340,0.000384,0.000384,0.000391,0.000382,0.000441,0.000537,0.000384,0.000387,0.000393,0.000382,
345,0.000390,0.000386,0.000530,0.000392,0.000386,0.000393,0.000388,0.000395,0.000534,0.000389,
350,0.000401,0.000401,0.000397,0.000406,0.000398,0.000534,0.000401,0.000399,0.000400,0.000396,
355,0.000410,0.000573,0.000415,0.000415,0.000412,0.000411,0.000408,0.000411,0.000553,0.000413,
360,0.000423,0.000424,0.000420,0.000418,0.000565,0.000423,0.000422,0.000424,0.000421,0.000421,
365,0.000584,0.000435,0.000429,0.000428,0.000431,0.000478,0.000573,0.000429,0.000433,0.000430,
370,0.000444,0.000447,0.000583,0.000445,0.000445,0.000440,0.000437,0.000442,0.000590,0.000442,
375,0.000453,0.000455,0.000457,0.000597,0.000451,0.000457,0.000448,0.000458,0.000453,0.000586,
380,0.000464,0.000463,0.000464,0.000465,0.000465,0.000606,0.000459,0.000466,0.000467,0.000468,
385,0.000635,0.000470,0.000474,0.000477,0.000474,0.000472,0.000611,0.000479,0.000477,0.000477,
390,0.000490,0.000635,0.000494,0.000492,0.000491,0.000500,0.000644,0.000495,0.000496,0.000496,
395,0.000510,0.000655,0.000507,0.000506,0.000504,0.000506,0.000504,0.000649,0.000507,0.000507,
400,0.000517,0.000530,0.000649,0.000513,0.000508,0.000514,0.000508,0.000650,0.000506,0.000514,
405,0.000527,0.000525,0.000666,0.000521,0.000521,0.000523,0.000528,0.000643,0.000529,0.000518,
410,0.000532,0.000580,0.000678,0.000536,0.000535,0.000533,0.000680,0.000532,0.000534,0.000540,
415,0.000542,0.000691,0.000550,0.000554,0.000548,0.000555,0.000673,0.000543,0.000545,0.000553,
420,0.000568,0.000710,0.000562,0.000563,0.000561,0.000712,0.000557,0.000557,0.000561,0.000565,
425,0.000710,0.000567,0.000577,0.000568,0.000692,0.000572,0.000573,0.000574,0.000581,0.000708,
430,0.000588,0.000588,0.000580,0.000709,0.000583,0.000582,0.000591,0.000583,0.000706,0.000588,
435,0.000597,0.000597,0.000740,0.000599,0.000601,0.000605,0.000747,0.000596,0.000593,0.000596,
440,0.000612,0.000741,0.000605,0.000608,0.000610,0.000752,0.000620,0.000608,0.000609,0.000737,
445,0.000627,0.000623,0.000618,0.000765,0.000624,0.000621,0.000625,0.000624,0.000756,0.000619,
450,0.000632,0.000635,0.000762,0.000636,0.000635,0.000635,0.000750,0.000633,0.000631,0.000634,
455,0.000801,0.000651,0.000649,0.000653,0.000790,0.000656,0.000648,0.000646,0.000805,0.000648,
460,0.000656,0.000661,0.000777,0.000661,0.000657,0.000693,0.000784,0.000672,0.000672,0.000819,
465,0.000676,0.000681,0.000692,0.000830,0.000690,0.000688,0.000679,0.000821,0.000681,0.000691,
470,0.000701,0.000828,0.000692,0.000690,0.000841,0.000690,0.000683,0.000684,0.000832,0.000689,
475,0.000709,0.000695,0.000814,0.000705,0.000700,0.000745,0.000842,0.000700,0.000702,0.000852,
480,0.000710,0.000708,0.000713,0.000847,0.000715,0.000720,0.000711,0.000841,0.000718,0.000721,
485,0.000837,0.000730,0.000726,0.000734,0.000874,0.000734,0.000725,0.000859,0.000730,0.000724,
490,0.000736,0.000872,0.000738,0.000739,0.000879,0.000742,0.000738,0.000744,0.000866,0.000750,
495,0.000759,0.000890,0.000763,0.000753,0.000762,0.000901,0.000770,0.000766,0.000910,0.000768,
500,0.000775,0.000909,0.000779,0.000778,0.000773,0.000895,0.000768,0.000770,0.000890,0.000775,
505,0.000789,0.000909,0.000798,0.000794,0.000922,0.000786,0.000789,0.000790,0.000930,0.000782,
510,0.000805,0.000930,0.000801,0.000798,0.000948,0.000812,0.000807,0.000945,0.000806,0.000811,
515,0.000814,0.000923,0.000819,0.000819,0.000958,0.000826,0.000833,0.000951,0.000819,0.000923,
520,0.000978,0.000828,0.000837,0.000955,0.000830,0.000835,0.000958,0.000828,0.000827,0.000947,
525,0.000847,0.000840,0.000968,0.000843,0.000846,0.000844,0.000974,0.000859,0.000858,0.000972,
530,0.000859,0.000882,0.001003,0.000872,0.001010,0.000872,0.000862,0.000976,0.000857,0.000866,
535,0.001026,0.000878,0.000881,0.001032,0.000885,0.000880,0.001030,0.000883,0.000889,0.001005,
540,0.000901,0.000902,0.001047,0.000889,0.000890,0.001010,0.000905,0.000898,0.001035,0.000892,
545,0.000912,0.001068,0.000903,0.000905,0.001032,0.000900,0.001033,0.000909,0.000905,0.001061,
550,0.000933,0.000936,0.001048,0.000937,0.000941,0.001045,0.000941,0.000946,0.001054,0.000927,
555,0.001034,0.000943,0.000941,0.001068,0.000941,0.002204,0.001051,0.000949,0.000948,0.001055,
560,0.000953,0.001090,0.000953,0.000961,0.001081,0.000951,0.000945,0.001084,0.000954,0.001091,
565,0.000980,0.000970,0.001077,0.000968,0.000982,0.001105,0.000981,0.001100,0.000982,0.000983,
570,0.001133,0.000990,0.000993,0.001110,0.000984,0.001088,0.000997,0.000999,0.001151,0.000997,
575,0.001160,0.001022,0.001019,0.001142,0.001019,0.001143,0.001014,0.001023,0.001155,0.001013,
580,0.001158,0.001026,0.001034,0.001131,0.001031,0.001169,0.001035,0.001033,0.001153,0.001040,
585,0.001141,0.001056,0.001041,0.001145,0.001043,0.001170,0.001045,0.001031,0.001153,0.001035,
590,0.001195,0.001061,0.001056,0.001191,0.001051,0.001165,0.001061,0.001052,0.001168,0.001071,
595,0.001222,0.001073,0.001200,0.001069,0.001077,0.001211,0.001088,0.001203,0.001074,0.001066,
600,0.001197,0.001101,0.001242,0.001091,0.001213,0.001092,0.001096,0.001204,0.001091,0.001218,
605,0.001110,0.001221,0.001122,0.001122,0.001232,0.001121,0.006239,0.001131,0.001224,0.001100,
610,0.001125,0.001246,0.001127,0.001223,0.001114,0.001239,0.001125,0.001246,0.001121,0.001117,
615,0.001261,0.001136,0.001270,0.001141,0.001267,0.001145,0.001145,0.001297,0.001154,0.001237,
620,0.001156,0.001288,0.001157,0.001284,0.001159,0.001277,0.001170,0.001166,0.001286,0.001147,
625,0.001323,0.001191,0.001322,0.001188,0.001330,0.001181,0.001252,0.001173,0.001180,0.001317,
630,0.001206,0.001295,0.001197,0.001314,0.001192,0.001332,0.001195,0.001305,0.001203,0.001327,
635,0.001213,0.001316,0.001205,0.001217,0.001341,0.001218,0.001285,0.001213,0.001319,0.001207,
640,0.001353,0.001243,0.001374,0.001236,0.001349,0.001243,0.001396,0.001249,0.001370,0.001226,
645,0.001337,0.001253,0.001397,0.001264,0.001372,0.001243,0.001359,0.001254,0.001260,0.001378,
650,0.001258,0.001386,0.006816,0.001411,0.001283,0.001394,0.001279,0.001370,0.001267,0.001392,
655,0.001299,0.001420,0.001296,0.001443,0.001292,0.001387,0.001276,0.001398,0.001294,0.001408,
660,0.001308,0.001433,0.001418,0.001315,0.001436,0.001311,0.001415,0.001318,0.001431,0.001320,
665,0.001456,0.001323,0.001469,0.001326,0.001469,0.001322,0.001461,0.001318,0.001451,0.001335,
670,0.001455,0.001353,0.001468,0.001371,0.001475,0.001348,0.001427,0.001334,0.001452,0.001348,
675,0.001475,0.001485,0.001374,0.001449,0.001368,0.001502,0.001378,0.001489,0.001382,0.001487,
680,0.001378,0.001459,0.001382,0.001466,0.001415,0.001520,0.001507,0.001379,0.001488,0.001393,
685,0.001500,0.001399,0.001529,0.001405,0.001527,0.001401,0.001492,0.001522,0.001428,0.006997,
690,0.001427,0.001520,0.001439,0.001553,0.001436,0.001554,0.001555,0.001416,0.001497,0.001427,
695,0.001576,0.001441,0.001561,0.001427,0.001562,0.001569,0.001450,0.001515,0.001442,0.001546,
700,0.001451,0.001561,0.001585,0.001473,0.001590,0.001473,0.001602,0.001477,0.001613,0.001593,
705,0.001491,0.001586,0.001482,0.001635,0.001468,0.001580,0.001557,0.001481,0.001589,0.001472,
710,0.001640,0.001488,0.001585,0.001582,0.001504,0.001621,0.001510,0.001605,0.001604,0.001489,
715,0.001629,0.001526,0.001680,0.001539,0.001630,0.001648,0.001530,0.001648,0.001536,0.001596,
720,0.001646,0.001549,0.001648,0.001551,0.001637,0.001633,0.001528,0.001631,0.006114,0.001630,
725,0.001691,0.001548,0.001671,0.001639,0.001551,0.001692,0.001546,0.001681,0.001660,0.001564,
730,0.001686,0.001599,0.001692,0.001687,0.001598,0.001724,0.001588,0.001685,0.001675,0.001589,
735,0.001714,0.001727,0.001622,0.001694,0.001593,0.001681,0.001736,0.001670,0.001744,0.001685,
740,0.001617,0.001697,0.001622,0.001700,0.001728,0.001629,0.001741,0.001682,0.001631,0.001702,
745,0.001750,0.001638,0.001760,0.001637,0.001756,0.001783,0.001634,0.001727,0.001766,0.001636,
750,0.001759,0.001796,0.001682,0.001765,0.001782,0.001658,0.001737,0.001659,0.001762,0.001789,
755,0.001706,0.001776,0.006237,0.001717,0.001795,0.001805,0.001686,0.001833,0.001749,0.001674,
760,0.001853,0.001774,0.001690,0.001804,0.001827,0.001705,0.001850,0.001832,0.001717,0.001827,
765,0.001814,0.001740,0.001855,0.001829,0.001723,0.001837,0.001828,0.001725,0.001828,0.001808,
770,0.001768,0.001846,0.001865,0.001857,0.001756,0.001844,0.001817,0.001748,0.001844,0.001863,
775,0.001796,0.001898,0.001911,0.001786,0.001904,0.001917,0.001779,0.001862,0.001891,0.001867,
780,0.001788,0.001895,0.001924,0.001800,0.001922,0.001905,0.001811,0.001869,0.001904,0.001887,
785,0.001809,0.007321,0.001939,0.001806,0.001928,0.001864,0.001913,0.001820,0.001929,0.001934,
790,0.001827,0.001942,0.001923,0.001936,0.001832,0.001940,0.001953,0.001848,0.001937,0.001964,
795,0.001957,0.001858,0.001959,0.001957,0.001850,0.001961,0.001992,0.001989,0.001860,0.001978,
800,0.002031,0.001959,0.001885,0.001944,0.001967,0.001876,0.001973,0.001990,0.001976,0.001900,
805,0.002039,0.002006,0.001980,0.001903,0.002008,0.001990,0.002039,0.001934,0.002003,0.001992,
810,0.002061,0.001914,0.002042,0.002057,0.002080,0.001940,0.008915,0.002076,0.002011,0.001927,
815,0.002065,0.002034,0.002088,0.001946,0.002046,0.002024,0.002050,0.001946,0.002073,0.002015,
820,0.002011,0.002010,0.001978,0.002090,0.002027,0.002059,0.001973,0.002082,0.002081,0.002062,
825,0.002018,0.002109,0.002081,0.002121,0.002074,0.002010,0.002142,0.002136,0.002128,0.002000,
830,0.002141,0.002095,0.002121,0.002130,0.002013,0.002122,0.002116,0.002121,0.002112,0.002023,
835,0.002107,0.002133,0.002142,0.002160,0.002054,0.002117,0.002181,0.008943,0.002167,0.002045,
840,0.002173,0.002131,0.002174,0.002176,0.002058,0.002185,0.002144,0.002145,0.002158,0.002064,
845,0.002193,0.002209,0.002223,0.002144,0.002212,0.002116,0.002193,0.002194,0.002214,0.002200,
850,0.002139,0.002286,0.002281,0.002214,0.002202,0.002249,0.002137,0.002205,0.002236,0.002246,
855,0.002271,0.002269,0.002158,0.002280,0.002250,0.002228,0.002229,0.002194,0.002146,0.002281,
860,0.002232,0.002311,0.002292,0.002309,0.002174,0.002266,0.008469,0.002271,0.002258,0.002259,
865,0.002270,0.002209,0.002313,0.002322,0.002243,0.002285,0.002316,0.002284,0.002200,0.002280,
870,0.002249,0.002342,0.002298,0.002310,0.002301,0.002219,0.002286,0.002291,0.002365,0.002294,
875,0.002382,0.002368,0.002328,0.002223,0.002323,0.002357,0.002400,0.002326,0.002363,0.002335,
880,0.002355,0.002282,0.002334,0.002403,0.002335,0.002372,0.002312,0.002327,0.002378,0.002310,
885,0.002284,0.002371,0.009449,0.002410,0.002382,0.002374,0.002369,0.002382,0.002367,0.002296,
890,0.002437,0.002393,0.002334,0.002415,0.002438,0.002418,0.002459,0.002399,0.002411,0.002312,
895,0.002459,0.002427,0.002412,0.002435,0.002442,0.002463,0.002451,0.002427,0.002453,0.002413,
900,0.002514,0.002379,0.002440,0.002448,0.002464,0.002424,0.002475,0.002513,0.002454,0.002496,
905,0.002510,0.002466,0.002432,0.002472,0.002444,0.002384,0.006734,0.002479,0.002460,0.002460,
910,0.002509,0.002485,0.002439,0.002535,0.002490,0.002536,0.002489,0.002540,0.002439,0.002523,
915,0.002504,0.002545,0.002444,0.002471,0.002546,0.002550,0.002563,0.002450,0.002573,0.002524,
920,0.002593,0.002514,0.002506,0.002566,0.002491,0.002555,0.002573,0.002553,0.002598,0.002563,
925,0.002612,0.002558,0.002544,0.002637,0.002578,0.002617,0.002569,0.002523,0.006745,0.002483,
930,0.002608,0.002634,0.002583,0.002641,0.002647,0.002602,0.002630,0.002657,0.002656,0.002615,
935,0.002589,0.002583,0.002604,0.002641,0.002547,0.002656,0.002627,0.002619,0.002641,0.002659,
940,0.002667,0.002661,0.002709,0.002686,0.002614,0.002608,0.002697,0.002638,0.002709,0.002684,
945,0.002692,0.002748,0.002662,0.002696,0.002733,0.002665,0.002719,0.002687,0.008805,0.002721,
950,0.002683,0.002686,0.002733,0.002735,0.002743,0.002749,0.002721,0.002728,0.002694,0.002757,
955,0.002770,0.002693,0.002753,0.002726,0.002670,0.002716,0.002694,0.002708,0.002767,0.002733,
960,0.002739,0.002789,0.002738,0.002741,0.002730,0.002786,0.002811,0.002783,0.002690,0.002804,
965,0.002747,0.002800,0.002794,0.002807,0.002819,0.002767,0.002768,0.009701,0.002811,0.002750,
970,0.002844,0.002757,0.002742,0.002822,0.002833,0.002845,0.002758,0.002756,0.002824,0.002892,
975,0.002826,0.002775,0.002810,0.002845,0.002829,0.002861,0.002829,0.002847,0.002805,0.002835,
980,0.002874,0.002891,0.002873,0.002837,0.002819,0.002929,0.002894,0.002892,0.002923,0.002827,
985,0.002907,0.002885,0.002942,0.002911,0.011042,0.002889,0.002843,0.002867,0.002875,0.002892,
990,0.002931,0.002946,0.002952,0.002914,0.002933,0.002928,0.002904,0.002946,0.002933,0.002944,
995,0.002931,0.002958,0.002922,0.002931,0.002904,0.002973,0.002931,0.002938,0.003014,0.002944,
1000,0.002960,0.002922,0.002980,0.002948,0.002947,0.003006,0.002940,0.002962,0.002935,0.002909,