0,0.000000,0.000000,0.000000,0.000000,0.000000,0.000000,0.000000,0.000000,0.000000,0.000000,
0,0.000000,0.000000,0.000000,0.000000,0.000000,0.000000,0.000000,0.000000,0.000000,0.000000,
5,0.000001,0.000001,0.000001,0.000001,0.000001,0.000001,0.000001,0.000001,0.000001,0.000001,
10,0.000002,0.000002,0.000002,0.000002,0.000002,0.000002,0.000002,0.000002,0.000002,0.000002,
15,0.000003,0.000003,0.000003,0.000003,0.000003,0.000003,0.000003,0.000003,0.000003,0.000003,
20,0.000004,0.000004,0.000004,0.000005,0.000005,0.000005,0.000004,0.000005,0.000005,0.000005,
25,0.000006,0.000006,0.000006,0.000006,0.000006,0.000006,0.000006,0.000006,0.000006,0.000006,
30,0.000007,0.000008,0.000007,0.000007,0.000008,0.000008,0.000007,0.000008,0.000008,0.000008,
35,0.000009,0.000009,0.000009,0.000009,0.000009,0.000010,0.000009,0.000009,0.000009,0.000009,
40,0.000011,0.000011,0.000011,0.000011,0.000011,0.000011,0.000011,0.000011,0.000011,0.000011,
45,0.000013,0.000013,0.000013,0.000013,0.000013,0.000013,0.000013,0.000013,0.000012,0.000013,
50,0.000015,0.000015,0.000015,0.000015,0.000015,0.000015,0.000015,0.000015,0.000015,0.000015,
55,0.000017,0.000018,0.000017,0.000017,0.000017,0.000017,0.000018,0.000017,0.000017,0.000017,
60,0.000020,0.000020,0.000019,0.000020,0.000020,0.000019,0.000020,0.000020,0.000020,0.000020,
65,0.000022,0.000022,0.000022,0.000022,0.000022,0.000022,0.000023,0.000023,0.000022,0.000022,
70,0.000025,0.000025,0.000025,0.000024,0.000025,0.000025,0.000024,0.000025,0.000025,0.000025,
75,0.000028,0.000028,0.000027,0.000027,0.000027,0.000028,0.000027,0.000027,0.000027,0.000027,
80,0.000029,0.000030,0.000030,0.000029,0.000030,0.000030,0.000030,0.000029,0.000029,0.000030,
85,0.000033,0.000032,0.000033,0.000033,0.000033,0.000033,0.000033,0.000033,0.000033,0.000033,
90,0.000036,0.000035,0.000036,0.000036,0.000036,0.000035,0.000036,0.000035,0.000036,0.000036,
95,0.000039,0.000040,0.000039,0.000039,0.000038,0.000038,0.000039,0.000039,0.000039,0.000037,
100,0.000042,0.000041,0.000042,0.000041,0.000043,0.000042,0.000043,0.000042,0.000042,0.000043,
105,0.000046,0.000045,0.000046,0.000045,0.000045,0.000047,0.000046,0.000046,0.000046,0.000046,
110,0.000050,0.000049,0.000048,0.000049,0.000048,0.000050,0.000048,0.000050,0.000049,0.000048,
115,0.000053,0.000054,0.000054,0.000054,0.000053,0.000052,0.000053,0.000052,0.000053,0.000054,
120,0.000058,0.000058,0.000057,0.000055,0.000057,0.000057,0.000058,0.000057,0.000057,0.000058,
125,0.000062,0.000061,0.000062,0.000061,0.000062,0.000061,0.000062,0.000061,0.000062,0.000062,
130,0.000067,0.000066,0.000066,0.000066,0.000066,0.000067,0.000065,0.000065,0.000066,0.000066,
135,0.000069,0.000068,0.000070,0.000069,0.000070,0.000068,0.000070,0.000070,0.000069,0.000070,
140,0.000074,0.000073,0.000074,0.000075,0.000075,0.000071,0.000074,0.000075,0.000074,0.000074,
145,0.000076,0.000078,0.000079,0.000078,0.000079,0.000079,0.000079,0.000077,0.000078,0.000078,
150,0.000083,0.000083,0.000084,0.000083,0.000083,0.000083,0.000082,0.000083,0.000085,0.000084,
155,0.000089,0.000088,0.000088,0.000090,0.000087,0.000090,0.000089,0.000089,0.000089,0.000087,
160,0.000091,0.000089,0.000092,0.000092,0.000089,0.000092,0.000091,0.000091,0.000091,0.000091,
165,0.000098,0.000099,0.000096,0.000097,0.000097,0.000096,0.000097,0.000096,0.000097,0.000094,
170,0.000102,0.000101,0.000102,0.000099,0.000101,0.000101,0.000103,0.000102,0.000101,0.000103,
175,0.000107,0.000108,0.000108,0.000106,0.000108,0.000107,0.000106,0.000105,0.000108,0.000106,
180,0.000114,0.000113,0.000110,0.000111,0.000113,0.000113,0.000113,0.000113,0.000111,0.000112,
185,0.000120,0.000117,0.000118,0.000119,0.000117,0.000117,0.000118,0.000114,0.000118,0.000119,
190,0.000125,0.000122,0.000124,0.000124,0.000125,0.000123,0.000124,0.000122,0.000125,0.000124,
195,0.000128,0.000130,0.000130,0.000131,0.000129,0.000130,0.000130,0.000129,0.000131,0.000130,
200,0.000134,0.000136,0.000133,0.000138,0.000141,0.000137,0.000138,0.000136,0.000139,0.000138,
205,0.000142,0.000144,0.000145,0.000144,0.000145,0.000146,0.000143,0.000144,0.000146,0.000144,
210,0.000150,0.000148,0.000149,0.000150,0.000148,0.000150,0.000151,0.000149,0.000150,0.000150,
215,0.000156,0.000158,0.000158,0.000156,0.000157,0.000155,0.000156,0.000156,0.000156,0.000157,
220,0.000164,0.000160,0.000163,0.000163,0.000159,0.000162,0.000160,0.000164,0.000162,0.000165,
225,0.000166,0.000170,0.000167,0.000168,0.000166,0.000169,0.000167,0.000168,0.000171,0.000166,
230,0.000175,0.000175,0.000177,0.000175,0.000178,0.000175,0.000177,0.000173,0.000171,0.000174,
235,0.000181,0.000179,0.000180,0.000178,0.000181,0.000182,0.000180,0.000178,0.000181,0.000178,
240,0.000185,0.000187,0.000187,0.000187,0.000185,0.000187,0.000187,0.000187,0.000186,0.000183,
245,0.000192,0.000192,0.000192,0.000195,0.000194,0.000196,0.000194,0.000195,0.000194,0.000193,
250,0.000203,0.000199,0.000201,0.000202,0.000200,0.000200,0.000200,0.000199,0.000203,0.000199,
255,0.000207,0.000207,0.000207,0.000206,0.000211,0.000210,0.000208,0.000212,0.000210,0.000213,
260,0.000218,0.000218,0.000215,0.000219,0.000219,0.000217,0.000218,0.000213,0.000217,0.000214,
265,0.000223,0.000223,0.000220,0.000221,0.000225,0.000223,0.000225,0.000223,0.000221,0.000221,
270,0.000229,0.000228,0.000231,0.000227,0.000230,0.000227,0.000227,0.000230,0.000232,0.000231,
275,0.000239,0.000239,0.000235,0.000238,0.000238,0.000235,0.000239,0.000243,0.000248,0.000245,
280,0.000249,0.000251,0.000245,0.000250,0.000249,0.000247,0.000250,0.000247,0.000239,0.000253,
285,0.000257,0.000260,0.000252,0.000258,0.000259,0.000259,0.000256,0.000258,0.000258,0.000256,
290,0.000265,0.000263,0.000269,0.000267,0.000265,0.000264,0.000270,0.000266,0.000267,0.000263,
295,0.000273,0.000276,0.000273,0.000274,0.000275,0.000277,0.000268,0.000262,0.000271,0.000271,
300,0.000276,0.000278,0.000276,0.000280,0.000278,0.000278,0.000277,0.000276,0.000279,0.000278,
305,0.000286,0.000286,0.000290,0.000293,0.000285,0.000286,0.000288,0.000285,0.000287,0.000287,
310,0.000298,0.000292,0.000290,0.000295,0.000296,0.000294,0.000296,0.000299,0.000300,0.000297,
315,0.000309,0.000307,0.000309,0.000309,0.000307,0.000301,0.000306,0.000302,0.000302,0.000302,
320,0.000311,0.000311,0.000311,0.000314,0.000314,0.000312,0.000312,0.000308,0.000317,0.000310,
325,0.000321,0.000322,0.000321,0.000322,0.000329,0.000322,0.000328,0.000328,0.000333,0.000331,
330,0.000344,0.000334,0.000339,0.000337,0.000339,0.000332,0.000336,0.000338,0.000341,0.000335,
335,0.000348,0.000349,0.000346,0.000342,0.000346,0.000346,0.000349,0.000351,0.000347,0.000338,
340,0.000354,0.000354,0.000354,0.000351,0.000353,0.000356,0.000354,0.000359,0.000353,0.000352,
345,0.000359,0.000357,0.000361,0.000362,0.000358,0.000360,0.000356,0.000357,0.000360,0.000357,
350,0.000368,0.000365,0.000364,0.000372,0.000366,0.000368,0.000358,0.000371,0.000367,0.000368,
355,0.000382,0.000380,0.000382,0.000377,0.000378,0.000380,0.000374,0.000373,0.000375,0.000379,
360,0.000384,0.000388,0.000392,0.000388,0.000386,0.000387,0.000388,0.000385,0.000387,0.000389,
365,0.000400,0.000399,0.000403,0.000401,0.000398,0.000400,0.000395,0.000396,0.000395,0.000396,
370,0.000405,0.000406,0.000409,0.000405,0.000408,0.000408,0.000401,0.000408,0.000404,0.000406,
375,0.000418,0.000419,0.000418,0.000423,0.000418,0.000419,0.000412,0.000418,0.000418,0.000420,
380,0.000431,0.000428,0.000431,0.000429,0.000423,0.000424,0.000425,0.000422,0.000428,0.000428,
385,0.000436,0.000442,0.000437,0.000432,0.000444,0.000441,0.000436,0.000442,0.000442,0.000437,
390,0.000445,0.000455,0.000455,0.000448,0.000456,0.000461,0.000458,0.000457,0.000456,0.000458,
395,0.000466,0.000470,0.000471,0.000473,0.000465,0.000463,0.000465,0.000470,0.000472,0.000467,
400,0.000472,0.000479,0.000477,0.000464,0.000467,0.000475,0.000476,0.000469,0.000469,0.000469,
405,0.000488,0.000481,0.000484,0.000480,0.000479,0.000469,0.000483,0.000485,0.000479,0.000484,
410,0.000494,0.000493,0.000500,0.000493,0.000495,0.000493,0.000493,0.000494,0.000492,0.000493,
415,0.000497,0.000505,0.000509,0.000500,0.000497,0.000508,0.000504,0.000500,0.000506,0.000508,
420,0.000518,0.000514,0.000526,0.000528,0.000518,0.000520,0.000513,0.000515,0.000510,0.000516,
425,0.000530,0.000526,0.000527,0.000526,0.000530,0.000528,0.000524,0.000524,0.000541,0.000525,
430,0.000529,0.000538,0.000542,0.000537,0.000540,0.000534,0.000533,0.000541,0.000542,0.000537,
435,0.000552,0.000552,0.000547,0.000551,0.000556,0.000563,0.000556,0.000554,0.000552,0.000550,
440,0.000563,0.000558,0.000566,0.000561,0.000566,0.000565,0.000567,0.000565,0.000565,0.000561,
445,0.000575,0.000573,0.000563,0.000573,0.000577,0.000568,0.000574,0.000580,0.000573,0.000568,
450,0.000587,0.000589,0.000589,0.000587,0.000585,0.000586,0.000586,0.000586,0.000579,0.000586,
455,0.000609,0.000609,0.000606,0.000602,0.000604,0.000601,0.000595,0.000602,0.000601,0.000596,
460,0.000612,0.000613,0.000604,0.000604,0.000613,0.000613,0.000612,0.000612,0.000623,0.000623,
465,0.000634,0.000631,0.000629,0.000632,0.000618,0.000633,0.000616,0.000625,0.000638,0.000633,
470,0.000646,0.000646,0.000650,0.000643,0.000645,0.000638,0.000639,0.000639,0.000634,0.000642,
475,0.000633,0.000645,0.000644,0.000650,0.000655,0.000647,0.000660,0.000647,0.000651,0.000656,
480,0.000667,0.000662,0.000661,0.000665,0.000648,0.000644,0.000666,0.000661,0.000669,0.000668,
485,0.000673,0.000682,0.000680,0.000679,0.000679,0.000681,0.000669,0.000681,0.000680,0.000662,
490,0.000687,0.000690,0.000685,0.000692,0.000686,0.000683,0.000695,0.000691,0.000690,0.000690,
495,0.000702,0.000693,0.000707,0.000704,0.000707,0.000705,0.000708,0.000713,0.000707,0.000711,
500,0.000732,0.000720,0.000727,0.000713,0.000713,0.000720,0.000720,0.000717,0.000718,0.000715,
505,0.000727,0.000738,0.000745,0.000750,0.000737,0.000734,0.000729,0.000728,0.000734,0.000725,
510,0.000748,0.000742,0.000746,0.000741,0.000745,0.000749,0.000756,0.000748,0.000760,0.000755,
515,0.000756,0.000761,0.000758,0.000753,0.000761,0.000760,0.000774,0.000760,0.000763,0.000754,
520,0.000774,0.000775,0.000767,0.000765,0.000769,0.000760,0.000767,0.000773,0.000766,0.000761,
525,0.000789,0.000783,0.000793,0.000786,0.000771,0.000785,0.000789,0.000788,0.000796,0.000786,
530,0.000800,0.000801,0.000813,0.000796,0.000813,0.000803,0.000798,0.000798,0.000801,0.000798,
535,0.000826,0.000808,0.000813,0.000812,0.000828,0.000821,0.000812,0.000814,0.000817,0.000817,
540,0.000836,0.000838,0.000829,0.000824,0.000831,0.000830,0.000836,0.000833,0.000830,0.000832,
545,0.000845,0.000844,0.000845,0.000848,0.000845,0.000848,0.000849,0.000850,0.000844,0.000844,
550,0.000872,0.000873,0.000876,0.000866,0.000862,0.000872,0.000873,0.000862,0.000859,0.000857,
555,0.000879,0.000877,0.000856,0.000874,0.000862,0.000877,0.000878,0.000879,0.000873,0.000874,
560,0.000889,0.000888,0.000895,0.000884,0.000897,0.000881,0.000886,0.000887,0.000881,0.000897,
565,0.000901,0.000900,0.000901,0.000906,0.000908,0.000922,0.000894,0.000905,0.000918,0.000900,
570,0.000928,0.000915,0.000911,0.000919,0.000909,0.000919,0.000935,0.000923,0.000932,0.000935,
575,0.000944,0.000958,0.000933,0.000947,0.000952,0.000949,0.000943,0.000947,0.000941,0.000956,
580,0.000966,0.000962,0.000946,0.000953,0.000959,0.000971,0.000963,0.000964,0.000964,0.000966,
585,0.000979,0.000984,0.000965,0.000966,0.000952,0.000971,0.000968,0.000955,0.000960,0.000971,
590,0.000977,0.000988,0.000978,0.000980,0.000982,0.000992,0.000984,0.000989,0.000970,0.000984,
595,0.001002,0.001000,0.001003,0.000994,0.000998,0.000999,0.000994,0.000981,0.001008,0.000999,
600,0.001022,0.001018,0.001020,0.001012,0.001011,0.001016,0.001021,0.001028,0.001017,0.001009,
605,0.001038,0.001044,0.001038,0.001039,0.001037,0.001045,0.001033,0.001042,0.001032,0.001027,
610,0.001049,0.001051,0.001049,0.001049,0.001042,0.001030,0.001053,0.001057,0.001042,0.001032,
615,0.001065,0.001060,0.001068,0.001055,0.001049,0.001062,0.001051,0.001077,0.001062,0.001057,
620,0.001074,0.001071,0.001081,0.001088,0.001078,0.001075,0.001095,0.001091,0.001083,0.001080,
625,0.001104,0.001120,0.001123,0.001107,0.001082,0.001107,0.001094,0.001089,0.001101,0.001106,
630,0.001126,0.001131,0.001126,0.001098,0.001116,0.001109,0.001114,0.001108,0.001111,0.001110,
635,0.001132,0.001122,0.001132,0.001126,0.001119,0.001121,0.001131,0.001123,0.001132,0.001109,
640,0.001143,0.001151,0.001173,0.001149,0.001161,0.001165,0.001171,0.001165,0.001167,0.001136,
645,0.001169,0.001164,0.001165,0.001173,0.001163,0.001164,0.001164,0.001175,0.001182,0.001154,
650,0.001181,0.001172,0.001181,0.001211,0.001216,0.001215,0.001189,0.001176,0.001187,0.001184,
655,0.001223,0.001213,0.001184,0.001203,0.001212,0.001183,0.001172,0.001201,0.001183,0.001194,
660,0.001227,0.001234,0.001224,0.001210,0.001203,0.001213,0.001218,0.001217,0.001210,0.001235,
665,0.001227,0.001236,0.001243,0.001246,0.001239,0.001235,0.001241,0.001241,0.001250,0.001248,
670,0.001268,0.001283,0.001275,0.001301,0.001245,0.001260,0.001264,0.001258,0.001262,0.001256,
675,0.001260,0.001255,0.001253,0.001257,0.001292,0.001273,0.001287,0.001274,0.001284,0.001251,
680,0.001289,0.001264,0.001286,0.001289,0.001316,0.001297,0.001277,0.001309,0.001291,0.001269,
685,0.001313,0.001294,0.001303,0.001312,0.001325,0.001305,0.001320,0.001303,0.001334,0.001325,
690,0.001321,0.001350,0.001348,0.001346,0.001339,0.001324,0.001320,0.001324,0.001338,0.001342,
695,0.001364,0.001356,0.001361,0.001341,0.001351,0.001364,0.001354,0.001338,0.001356,0.001344,
700,0.001355,0.001360,0.001355,0.001402,0.001381,0.001379,0.001369,0.001367,0.001394,0.001379,
705,0.001377,0.001381,0.001382,0.001385,0.001379,0.001376,0.001391,0.001380,0.001386,0.001385,
710,0.001399,0.001406,0.001410,0.001413,0.001378,0.001403,0.001390,0.001409,0.001391,0.001393,
715,0.001434,0.001417,0.001436,0.001447,0.001443,0.001433,0.001443,0.001436,0.001414,0.001436,
720,0.001452,0.001438,0.001428,0.001441,0.001435,0.001441,0.001439,0.001435,0.001453,0.001477,
725,0.001468,0.001453,0.001451,0.001469,0.001451,0.001454,0.001463,0.001462,0.001445,0.001446,
730,0.001500,0.001481,0.001506,0.001493,0.001488,0.001491,0.001477,0.001488,0.001476,0.001475,
735,0.001514,0.001532,0.001509,0.001477,0.001468,0.001494,0.001486,0.001507,0.001496,0.001483,
740,0.001518,0.001513,0.001510,0.001529,0.001527,0.001534,0.001517,0.001501,0.001551,0.001515,
745,0.001550,0.001527,0.001532,0.001525,0.001549,0.001553,0.001537,0.001541,0.001541,0.001540,
750,0.001556,0.001569,0.001571,0.001565,0.001561,0.001558,0.001559,0.001556,0.001572,0.001567,
755,0.001571,0.001591,0.001596,0.001599,0.001577,0.001591,0.001564,0.001577,0.001543,0.001568,
760,0.001617,0.001581,0.001585,0.001599,0.001603,0.001591,0.001614,0.001614,0.001593,0.001574,
765,0.001615,0.001612,0.001622,0.001635,0.001618,0.001626,0.001614,0.001604,0.001632,0.001623,
770,0.001658,0.001682,0.001680,0.001659,0.001631,0.001623,0.001632,0.001631,0.001636,0.001654,
775,0.001650,0.001720,0.001683,0.001671,0.001679,0.001657,0.001671,0.001648,0.001656,0.001670,
780,0.001681,0.001693,0.001672,0.001672,0.001687,0.001681,0.001692,0.001683,0.001704,0.001686,
785,0.001694,0.001677,0.001710,0.001694,0.001702,0.001694,0.001703,0.001703,0.001710,0.001693,
790,0.001709,0.001729,0.001699,0.001726,0.001737,0.001708,0.001712,0.001722,0.001725,0.001719,
795,0.001750,0.001732,0.001742,0.001736,0.001748,0.001765,0.001758,0.001725,0.001744,0.001753,
800,0.001782,0.001783,0.001770,0.001775,0.001765,0.001754,0.001753,0.001766,0.001748,0.001767,
805,0.001771,0.001789,0.001815,0.001773,0.001797,0.001796,0.001795,0.001810,0.001804,0.001790,
810,0.001784,0.001821,0.001815,0.001830,0.001829,0.001785,0.001811,0.001829,0.001800,0.001815,
815,0.001804,0.001824,0.001843,0.001813,0.001831,0.001829,0.001824,0.001810,0.001833,0.001811,
820,0.001856,0.001851,0.001845,0.001843,0.001857,0.001836,0.001833,0.001851,0.001844,0.001854,
825,0.001878,0.001857,0.001885,0.001879,0.001896,0.001893,0.001867,0.001875,0.001889,0.001890,
830,0.001894,0.001903,0.001891,0.001884,0.001896,0.001894,0.001887,0.001880,0.001904,0.001882,
835,0.001895,0.001901,0.001945,0.001945,0.001939,0.001913,0.001928,0.001925,0.001940,0.001917,
840,0.001928,0.001954,0.001963,0.001936,0.001928,0.001941,0.001939,0.001927,0.001939,0.001930,
845,0.001972,0.001976,0.002007,0.001984,0.001949,0.001952,0.001936,0.001970,0.001968,0.001992,
850,0.002027,0.001996,0.001971,0.002004,0.002001,0.002034,0.002012,0.002011,0.002000,0.002007,
855,0.002017,0.002022,0.002007,0.002025,0.002034,0.002019,0.002010,0.002003,0.002030,0.002018,
860,0.002032,0.002048,0.002051,0.002063,0.002018,0.002038,0.002047,0.002057,0.002054,0.002009,
865,0.002051,0.002060,0.002066,0.002058,0.002049,0.002067,0.002051,0.002065,0.002065,0.002044,
870,0.002071,0.002080,0.002086,0.002089,0.002061,0.002086,0.002104,0.002095,0.002076,0.002095,
875,0.002111,0.002137,0.002093,0.002113,0.002094,0.002124,0.002129,0.002124,0.002126,0.002119,
880,0.002128,0.002136,0.002114,0.002158,0.002150,0.002135,0.002124,0.002137,0.002106,0.002123,
885,0.002133,0.002147,0.002122,0.002177,0.002134,0.002123,0.002133,0.002159,0.002147,0.002162,
890,0.002150,0.002165,0.002161,0.002192,0.002206,0.002171,0.002172,0.002175,0.002146,0.002159,
895,0.002205,0.002214,0.002200,0.002180,0.002210,0.002188,0.002204,0.002169,0.002195,0.002171,
900,0.002252,0.002227,0.002219,0.002226,0.002244,0.002236,0.002265,0.002279,0.002210,0.002235,
905,0.002274,0.002247,0.002263,0.002245,0.002235,0.002244,0.002293,0.002231,0.002235,0.002236,
910,0.002265,0.002267,0.002281,0.002269,0.002262,0.002249,0.002266,0.002271,0.002269,0.002251,
915,0.002298,0.002290,0.002318,0.002264,0.002307,0.002247,0.002302,0.002283,0.002295,0.002290,
920,0.002308,0.002287,0.002318,0.002298,0.002312,0.002328,0.002323,0.002309,0.002326,0.002348,
925,0.002362,0.002325,0.002342,0.002344,0.002372,0.002345,0.002334,0.002337,0.002377,0.002312,
930,0.002371,0.002360,0.002358,0.002367,0.002379,0.002376,0.002371,0.002386,0.002334,0.002305,
935,0.002372,0.002399,0.002397,0.002391,0.002376,0.002397,0.002393,0.002389,0.002372,0.002405,
940,0.002407,0.002409,0.002446,0.002405,0.002396,0.002397,0.002405,0.002407,0.002427,0.002415,
945,0.002457,0.002445,0.002481,0.002462,0.002465,0.002430,0.002433,0.002410,0.002445,0.002450,
950,0.002462,0.002447,0.002480,0.002484,0.002488,0.002491,0.002435,0.002461,0.002504,0.002464,
955,0.002478,0.002475,0.002493,0.002507,0.002489,0.002478,0.002510,0.002468,0.002518,0.002501,
960,0.002495,0.002531,0.002498,0.002538,0.002490,0.002524,0.002535,0.002529,0.002498,0.002518,
965,0.002525,0.002535,0.002522,0.002558,0.002593,0.002533,0.002536,0.002550,0.002551,0.002530,
970,0.002542,0.002535,0.002579,0.002557,0.002579,0.002571,0.002550,0.002563,0.002578,0.002553,
975,0.002595,0.002579,0.002615,0.002579,0.002545,0.002591,0.002575,0.002577,0.002592,0.002587,
980,0.002609,0.002546,0.002634,0.002624,0.002593,0.002611,0.002658,0.002660,0.002632,0.002662,
985,0.002666,0.002652,0.002612,0.002659,0.002667,0.002649,0.002649,0.002626,0.002681,0.002659,
990,0.002679,0.002679,0.002697,0.002673,0.002678,0.002691,0.002697,0.002666,0.002697,0.002675,
995,0.002725,0.002715,0.002702,0.002693,0.002717,0.002699,0.002691,0.002695,0.002713,0.002741,
1000,0.002730,0.002716,0.002716,0.002725,0.002712,0.002723,0.002734,0.002698,0.002712,0.002733,