
10,0.000004,0.000004,0.000004,0.000004,0.000004,0.000004,0.000004,0.000004,0.000004,0.000004,
20,0.000007,0.000007,0.000007,0.000007,0.000007,0.000007,0.000007,0.000007,0.000007,0.000007,
30,0.000010,0.000010,0.000010,0.000010,0.000010,0.000010,0.000010,0.000010,0.000010,0.000010,
40,0.000014,0.000014,0.000014,0.000014,0.000014,0.000014,0.000014,0.000014,0.000014,0.000014,
50,0.000019,0.000018,0.000018,0.000018,0.000018,0.000018,0.000018,0.000018,0.000019,0.000019,
60,0.000024,0.000024,0.000024,0.000024,0.000024,0.000024,0.000024,0.000024,0.000024,0.000023,
70,0.000029,0.000029,0.000029,0.000030,0.000029,0.000029,0.000029,0.000029,0.000029,0.000029,
80,0.000034,0.000035,0.000034,0.000034,0.000034,0.000034,0.000034,0.000034,0.000034,0.000035,
90,0.000040,0.000040,0.000041,0.000041,0.000041,0.000041,0.000041,0.000041,0.000041,0.000041,
100,0.000047,0.000047,0.000047,0.000047,0.000047,0.000047,0.000047,0.000047,0.000047,0.000047,
110,0.000054,0.000054,0.000054,0.000054,0.000054,0.000054,0.000054,0.000054,0.000055,0.000054,
120,0.000062,0.000062,0.000062,0.000062,0.000062,0.000062,0.000062,0.000064,0.000062,0.000062,
130,0.000069,0.000070,0.000069,0.000070,0.000070,0.000070,0.000070,0.000070,0.000070,0.000070,
140,0.000078,0.000078,0.000078,0.000078,0.000078,0.000078,0.000078,0.000078,0.000078,0.000078,
150,0.000087,0.000087,0.000089,0.000089,0.000089,0.000088,0.000089,0.000088,0.000087,0.000088,
160,0.000096,0.000096,0.000096,0.000096,0.000095,0.000096,0.000096,0.000096,0.000096,0.000096,
170,0.000106,0.000106,0.000106,0.000106,0.000106,0.000106,0.000106,0.000106,0.000105,0.000106,
180,0.000116,0.000117,0.000116,0.000118,0.000116,0.000116,0.000116,0.000116,0.000116,0.000116,
190,0.000127,0.000127,0.000127,0.000127,0.000127,0.000127,0.000127,0.000129,0.000128,0.000127,
200,0.000138,0.000138,0.000140,0.000138,0.000138,0.000137,0.000137,0.000138,0.000138,0.000138,
210,0.000149,0.000149,0.000149,0.000149,0.000149,0.000149,0.000149,0.000150,0.000149,0.000150,
220,0.000163,0.000164,0.000165,0.000165,0.000167,0.000163,0.000161,0.000161,0.000161,0.000161,
230,0.000174,0.000174,0.000174,0.000174,0.000176,0.000174,0.000174,0.000174,0.000173,0.000173,
240,0.000187,0.000186,0.000186,0.000187,0.000186,0.000187,0.000187,0.000187,0.000187,0.000186,
250,0.000200,0.000200,0.000199,0.000200,0.000201,0.000200,0.000199,0.000199,0.000199,0.000200,
260,0.000214,0.000212,0.000213,0.000213,0.000213,0.000213,0.000214,0.000213,0.000213,0.000213,
270,0.000227,0.000228,0.000229,0.000228,0.000227,0.000228,0.000228,0.000226,0.000227,0.000228,
280,0.000243,0.000243,0.000242,0.000244,0.000241,0.000242,0.000242,0.000242,0.000243,0.000242,
290,0.000257,0.000257,0.000257,0.000259,0.000258,0.000258,0.000257,0.000257,0.000258,0.000257,
300,0.000272,0.000273,0.000275,0.000273,0.000272,0.000272,0.000274,0.000273,0.000272,0.000272,
310,0.000289,0.000290,0.000289,0.000290,0.000289,0.000289,0.000290,0.000289,0.000289,0.000288,
320,0.000307,0.000306,0.000306,0.000305,0.000305,0.000305,0.000305,0.000307,0.000314,0.000311,
330,0.000329,0.000326,0.000322,0.000323,0.000325,0.000328,0.000325,0.000322,0.000327,0.000329,
340,0.000344,0.000340,0.000339,0.000341,0.000340,0.000340,0.000340,0.000341,0.000342,0.000340,
350,0.000360,0.000357,0.000356,0.000358,0.000357,0.000358,0.000359,0.000359,0.000357,0.000357,
360,0.000376,0.000378,0.000383,0.000377,0.000378,0.000376,0.000375,0.000377,0.000376,0.000376,
370,0.000395,0.000396,0.000395,0.000395,0.000395,0.000394,0.000394,0.000397,0.000396,0.000395,
380,0.000414,0.000414,0.000413,0.000416,0.000413,0.000414,0.000415,0.000415,0.000414,0.000417,
390,0.000434,0.000433,0.000433,0.000434,0.000434,0.000439,0.000443,0.000443,0.000443,0.000439,
400,0.000455,0.000454,0.000458,0.000462,0.000453,0.000454,0.000455,0.000453,0.000454,0.000454,
410,0.000475,0.000480,0.000482,0.000475,0.000474,0.000476,0.000475,0.000474,0.000474,0.000473,
420,0.000496,0.000495,0.000496,0.000495,0.000496,0.000494,0.000496,0.000497,0.000496,0.000497,
430,0.000517,0.000515,0.000518,0.000517,0.000518,0.000517,0.000518,0.000517,0.000516,0.000517,
440,0.000540,0.000541,0.000540,0.000540,0.000539,0.000539,0.000540,0.000538,0.000540,0.000538,
450,0.000562,0.000561,0.000561,0.000562,0.000562,0.000563,0.000561,0.000561,0.000564,0.000564,
460,0.000587,0.000595,0.000592,0.000586,0.000583,0.000584,0.000586,0.000592,0.000599,0.000596,
470,0.000619,0.000612,0.000620,0.000619,0.000620,0.000612,0.000609,0.000608,0.000608,0.000610,
480,0.000634,0.000631,0.000631,0.000632,0.000632,0.000632,0.000632,0.000631,0.000637,0.000641,
490,0.000655,0.000659,0.000657,0.000656,0.000655,0.000658,0.000656,0.000655,0.000655,0.000661,
500,0.000681,0.000680,0.000681,0.000681,0.000678,0.000681,0.000683,0.000688,0.000682,0.000683,
510,0.000708,0.000706,0.000708,0.000707,0.000706,0.000706,0.000705,0.000706,0.000706,0.000706,
520,0.000733,0.000734,0.000731,0.000731,0.000733,0.000734,0.000744,0.000746,0.000745,0.000733,
530,0.000758,0.000757,0.000758,0.000759,0.000757,0.000758,0.000756,0.000760,0.000757,0.000765,
540,0.000784,0.000786,0.000789,0.000798,0.000790,0.000784,0.000784,0.000787,0.000782,0.000785,
550,0.000814,0.000816,0.000815,0.000814,0.000811,0.000810,0.000815,0.000809,0.000812,0.000813,
560,0.000850,0.000855,0.000844,0.000839,0.000839,0.000839,0.000839,0.000838,0.000840,0.000839,
570,0.000867,0.000867,0.000878,0.000881,0.000884,0.000876,0.000868,0.000870,0.000881,0.000880,
580,0.000906,0.000897,0.000902,0.000897,0.000895,0.000898,0.000895,0.000896,0.000898,0.000895,
590,0.000921,0.000927,0.000923,0.000929,0.000926,0.000925,0.000937,0.000938,0.000934,0.000926,
600,0.000955,0.000956,0.000964,0.000957,0.000956,0.000953,0.000956,0.000957,0.000956,0.000954,
610,0.000984,0.000985,0.000988,0.000988,0.000984,0.000985,0.000988,0.000985,0.000984,0.000986,
620,0.001013,0.001014,0.001016,0.001015,0.001016,0.001013,0.001015,0.001012,0.001014,0.001013,
630,0.001056,0.001061,0.001062,0.001057,0.001046,0.001045,0.001044,0.001044,0.001045,0.001045,
640,0.001073,0.001077,0.001075,0.001079,0.001075,0.001084,0.001093,0.001092,0.001081,0.001075,
650,0.001109,0.001111,0.001109,0.001109,0.001110,0.001109,0.001107,0.001109,0.001107,0.001111,
660,0.001144,0.001153,0.001140,0.001134,0.001141,0.001150,0.001147,0.001141,0.001142,0.001136,
670,0.001174,0.001174,0.001170,0.001172,0.001173,0.001173,0.001174,0.001172,0.001169,0.001175,
680,0.001247,0.001206,0.001206,0.001209,0.001205,0.001211,0.001205,0.001208,0.001206,0.001228,
690,0.001258,0.001258,0.001241,0.001240,0.001237,0.001239,0.001236,0.001244,0.001235,0.001240,
700,0.001269,0.001277,0.001274,0.001276,0.001273,0.001273,0.001288,0.001271,0.001270,0.001273,
710,0.001305,0.001305,0.001307,0.001309,0.001307,0.001313,0.001306,0.001309,0.001308,0.001307,
720,0.001343,0.001343,0.001347,0.001360,0.001364,0.001346,0.001343,0.001345,0.001361,0.001351,
730,0.001380,0.001376,0.001377,0.001391,0.001376,0.001396,0.001398,0.001394,0.001385,0.001379,
740,0.001415,0.001409,0.001412,0.001413,0.001415,0.001410,0.001412,0.001414,0.001414,0.001422,
750,0.001461,0.001474,0.001456,0.001453,0.001446,0.001596,0.001451,0.001449,0.001451,0.001452,
760,0.001491,0.001493,0.001490,0.001509,0.001512,0.001508,0.001493,0.001494,0.001489,0.001499,
770,0.001532,0.001527,0.001522,0.001542,0.001536,0.001546,0.001547,0.001545,0.001546,0.001532,
780,0.001583,0.001561,0.001564,0.001559,0.001562,0.001563,0.001568,0.001568,0.001559,0.001565,
790,0.001599,0.001596,0.001599,0.001600,0.001599,0.001606,0.001602,0.001602,0.001601,0.001599,
800,0.001641,0.001637,0.001641,0.001642,0.001658,0.001653,0.001638,0.001642,0.001640,0.001640,
810,0.001679,0.001677,0.001681,0.001680,0.001674,0.001675,0.001696,0.001696,0.001824,0.001694,
820,0.001717,0.001715,0.001718,0.001717,0.001717,0.001719,0.001719,0.001719,0.001721,0.001719,
830,0.001773,0.001761,0.001757,0.001759,0.001761,0.001761,0.001761,0.001758,0.001758,0.001760,
840,0.001795,0.001802,0.001799,0.001796,0.001799,0.001807,0.001804,0.001802,0.001795,0.001794,
850,0.001837,0.001841,0.001857,0.001868,0.001857,0.001863,0.001851,0.001840,0.001839,0.001833,
860,0.001879,0.001877,0.001876,0.001878,0.001881,0.001882,0.001876,0.001883,0.001878,0.001890,
870,0.001921,0.001930,0.001921,0.001923,0.002075,0.001920,0.001920,0.001923,0.001932,0.001927,
880,0.001968,0.001963,0.001965,0.001967,0.001969,0.001959,0.001962,0.001964,0.001969,0.001986,
890,0.002035,0.002032,0.002025,0.002023,0.002033,0.002035,0.002034,0.002010,0.002006,0.002004,
900,0.002048,0.002049,0.002051,0.002051,0.002077,0.002072,0.002057,0.002046,0.002050,0.002073,
910,0.002116,0.002111,0.002112,0.002100,0.002093,0.002092,0.002094,0.002098,0.002088,0.002093,
920,0.002149,0.002163,0.002148,0.002297,0.002139,0.002148,0.002163,0.002138,0.002154,0.002155,
930,0.002210,0.002193,0.002181,0.002181,0.002180,0.002187,0.002184,0.002181,0.002184,0.002181,
940,0.002223,0.002223,0.002225,0.002228,0.002230,0.002232,0.002222,0.002239,0.002257,0.002238,
950,0.002291,0.002291,0.002272,0.002300,0.002270,0.002269,0.002273,0.002272,0.002271,0.002279,
960,0.002319,0.002318,0.002316,0.002315,0.002323,0.002321,0.002342,0.002455,0.002347,0.002330,
970,0.002366,0.002383,0.002399,0.002396,0.002369,0.002367,0.002366,0.002368,0.002380,0.002364,
980,0.002408,0.002421,0.002439,0.002416,0.002409,0.002408,0.002414,0.002410,0.002442,0.002445,
990,0.002457,0.002455,0.002488,0.002483,0.002491,0.002469,0.002457,0.002454,0.002460,0.002456,
1000,0.002506,0.002507,0.002504,0.002506,0.002534,0.002522,0.002506,0.002514,0.002632,0.002538,