
0,0.000000,0.000000,0.000000,0.000000,0.000000,0.000000,0.000000,0.000000,0.000000,0.000000,
10,0.000002,0.000002,0.000002,0.000002,0.000002,0.000002,0.000002,0.000002,0.000002,0.000002,
20,0.000003,0.000004,0.000003,0.000004,0.000003,0.000004,0.000003,0.000003,0.000003,0.000004,
30,0.000005,0.000005,0.000005,0.000005,0.000005,0.000005,0.000005,0.000005,0.000005,0.000005,
40,0.000007,0.000007,0.000007,0.000007,0.000007,0.000007,0.000007,0.000007,0.000007,0.000007,
50,0.000009,0.000009,0.000009,0.000009,0.000009,0.000009,0.000009,0.000009,0.000009,0.000009,
60,0.000010,0.000011,0.000011,0.000011,0.000011,0.000011,0.000011,0.000011,0.000011,0.000011,
70,0.000012,0.000012,0.000012,0.000012,0.000012,0.000012,0.000012,0.000012,0.000012,0.000012,
80,0.000014,0.000014,0.000014,0.000014,0.000014,0.000014,0.000014,0.000014,0.000014,0.000014,
90,0.000016,0.000016,0.000016,0.000016,0.000016,0.000016,0.000016,0.000016,0.000016,0.000016,
100,0.000018,0.000018,0.000017,0.000017,0.000018,0.000018,0.000018,0.000018,0.000017,0.000017,
110,0.000019,0.000019,0.000019,0.000019,0.000019,0.000019,0.000019,0.000019,0.000019,0.000019,
120,0.000021,0.000021,0.000021,0.000021,0.000021,0.000021,0.000021,0.000021,0.000021,0.000021,
130,0.000023,0.000023,0.000023,0.000023,0.000023,0.000023,0.000023,0.000023,0.000023,0.000023,
140,0.000024,0.000024,0.000024,0.000025,0.000025,0.000025,0.000025,0.000025,0.000025,0.000024,
150,0.000026,0.000026,0.000026,0.000026,0.000026,0.000026,0.000026,0.000026,0.000026,0.000026,
160,0.000028,0.000028,0.000028,0.000028,0.000028,0.000030,0.000028,0.000028,0.000028,0.000028,
170,0.000029,0.000029,0.000030,0.000030,0.000030,0.000030,0.000030,0.000030,0.000030,0.000029,
180,0.000031,0.000032,0.000032,0.000032,0.000032,0.000032,0.000032,0.000032,0.000031,0.000031,
190,0.000033,0.000033,0.000033,0.000033,0.000033,0.000033,0.000033,0.000033,0.000033,0.000033,
200,0.000035,0.000035,0.000035,0.000035,0.000035,0.000035,0.000035,0.000035,0.000035,0.000035,
210,0.000037,0.000037,0.000037,0.000037,0.000037,0.000037,0.000037,0.000036,0.000036,0.000037,
220,0.000039,0.000039,0.000039,0.000039,0.000039,0.000039,0.000038,0.000038,0.000038,0.000039,
230,0.000040,0.000040,0.000040,0.000040,0.000040,0.000042,0.000040,0.000040,0.000040,0.000040,
240,0.000042,0.000042,0.000042,0.000042,0.000042,0.000042,0.000041,0.000042,0.000041,0.000042,
250,0.000044,0.000044,0.000044,0.000044,0.000043,0.000043,0.000043,0.000043,0.000044,0.000044,
260,0.000046,0.000046,0.000046,0.000046,0.000045,0.000045,0.000045,0.000046,0.000046,0.000046,
270,0.000047,0.000048,0.000047,0.000048,0.000047,0.000047,0.000047,0.000047,0.000047,0.000047,
280,0.000049,0.000049,0.000049,0.000049,0.000049,0.000049,0.000049,0.000049,0.000049,0.000051,
290,0.000051,0.000051,0.000051,0.000051,0.000050,0.000051,0.000051,0.000051,0.000051,0.000051,
300,0.000053,0.000052,0.000052,0.000052,0.000052,0.000052,0.000053,0.000053,0.000053,0.000053,
310,0.000054,0.000054,0.000054,0.000054,0.000054,0.000054,0.000054,0.000055,0.000054,0.000055,
320,0.000056,0.000056,0.000056,0.000056,0.000056,0.000056,0.000056,0.000056,0.000056,0.000056,
330,0.000058,0.000057,0.000057,0.000057,0.000059,0.000058,0.000058,0.000058,0.000058,0.000058,
340,0.000060,0.000059,0.000059,0.000059,0.000060,0.000059,0.000060,0.000060,0.000060,0.000060,
350,0.000061,0.000061,0.000061,0.000061,0.000061,0.000061,0.000061,0.000061,0.000061,0.000061,
360,0.000063,0.000063,0.000063,0.000063,0.000063,0.000063,0.000063,0.000063,0.000063,0.000063,
370,0.000065,0.000065,0.000065,0.000065,0.000067,0.000065,0.000065,0.000065,0.000065,0.000064,
380,0.000066,0.000066,0.000067,0.000067,0.000066,0.000067,0.000067,0.000067,0.000067,0.000066,
390,0.000068,0.000068,0.000069,0.000068,0.000068,0.000068,0.000068,0.000068,0.000068,0.000067,
400,0.000069,0.000069,0.000070,0.000070,0.000070,0.000070,0.000070,0.000069,0.000069,0.000069,
410,0.000072,0.000071,0.000072,0.000072,0.000072,0.000072,0.000072,0.000071,0.000071,0.000071,
420,0.000073,0.000074,0.000074,0.000074,0.000073,0.000074,0.000074,0.000073,0.000073,0.000073,
430,0.000075,0.000075,0.000075,0.000076,0.000076,0.000076,0.000075,0.000075,0.000075,0.000075,
440,0.000076,0.000076,0.000077,0.000079,0.000077,0.000077,0.000077,0.000077,0.000076,0.000076,
450,0.000078,0.000078,0.000078,0.000079,0.000079,0.000079,0.000079,0.000079,0.000078,0.000078,
460,0.000080,0.000080,0.000081,0.000080,0.000081,0.000080,0.000081,0.000081,0.000080,0.000080,
470,0.000082,0.000082,0.000082,0.000082,0.000084,0.000082,0.000082,0.000082,0.000082,0.000082,
480,0.000084,0.000084,0.000084,0.000084,0.000084,0.000084,0.000084,0.000084,0.000084,0.000084,
490,0.000086,0.000086,0.000086,0.000086,0.000086,0.000086,0.000086,0.000086,0.000085,0.000086,
500,0.000088,0.000087,0.000088,0.000089,0.000088,0.000088,0.000087,0.000087,0.000087,0.000088,
510,0.000089,0.000089,0.000089,0.000089,0.000089,0.000089,0.000089,0.000088,0.000088,0.000089,
520,0.000091,0.000091,0.000091,0.000091,0.000091,0.000090,0.000090,0.000090,0.000090,0.000091,
530,0.000094,0.000093,0.000093,0.000093,0.000092,0.000092,0.000092,0.000092,0.000092,0.000093,
540,0.000095,0.000094,0.000096,0.000095,0.000094,0.000093,0.000093,0.000094,0.000094,0.000095,
550,0.000096,0.000096,0.000096,0.000096,0.000096,0.000095,0.000097,0.000096,0.000096,0.000096,
560,0.000098,0.000098,0.000098,0.000098,0.000098,0.000097,0.000098,0.000098,0.000098,0.000098,
570,0.000100,0.000100,0.000100,0.000100,0.000100,0.000100,0.000100,0.000100,0.000100,0.000100,
580,0.000101,0.000103,0.000102,0.000101,0.000101,0.000101,0.000101,0.000102,0.000102,0.000101,
590,0.000103,0.000103,0.000103,0.000102,0.000102,0.000103,0.000103,0.000103,0.000103,0.000103,
600,0.000105,0.000105,0.000104,0.000104,0.000104,0.000106,0.000105,0.000105,0.000105,0.000105,
610,0.000107,0.000106,0.000106,0.000106,0.000105,0.000106,0.000106,0.000106,0.000106,0.000106,
620,0.000108,0.000107,0.000107,0.000107,0.000107,0.000109,0.000108,0.000108,0.000110,0.000108,
630,0.000110,0.000109,0.000109,0.000109,0.000110,0.000110,0.000110,0.000110,0.000111,0.000110,
640,0.000112,0.000111,0.000111,0.000112,0.000112,0.000112,0.000112,0.000112,0.000112,0.000112,
650,0.000116,0.000114,0.000114,0.000114,0.000114,0.000114,0.000114,0.000114,0.000114,0.000114,
660,0.000116,0.000115,0.000116,0.000116,0.000115,0.000115,0.000115,0.000115,0.000115,0.000115,
670,0.000116,0.000116,0.000119,0.000117,0.000117,0.000117,0.000117,0.000117,0.000117,0.000116,
680,0.000118,0.000118,0.000119,0.000119,0.000119,0.000119,0.000119,0.000119,0.000118,0.000118,
690,0.000119,0.000119,0.000121,0.000122,0.000121,0.000121,0.000121,0.000120,0.000119,0.000119,
700,0.000121,0.000122,0.000122,0.000122,0.000122,0.000123,0.000122,0.000122,0.000121,0.000121,
710,0.000123,0.000124,0.000124,0.000126,0.000124,0.000124,0.000124,0.000123,0.000122,0.000123,
720,0.000126,0.000126,0.000127,0.000126,0.000126,0.000126,0.000126,0.000126,0.000125,0.000126,
730,0.000128,0.000128,0.000128,0.000130,0.000128,0.000128,0.000128,0.000128,0.000128,0.000128,
740,0.000129,0.000129,0.000130,0.000130,0.000129,0.000130,0.000129,0.000128,0.000129,0.000129,
750,0.000131,0.000132,0.000133,0.000132,0.000131,0.000131,0.000130,0.000130,0.000131,0.000131,
760,0.000133,0.000133,0.000132,0.000133,0.000133,0.000132,0.000131,0.000132,0.000132,0.000133,
770,0.000136,0.000135,0.000135,0.000135,0.000133,0.000133,0.000133,0.000133,0.000134,0.000135,
780,0.000136,0.000136,0.000137,0.000136,0.000135,0.000135,0.000135,0.000136,0.000137,0.000138,
790,0.000138,0.000138,0.000138,0.000138,0.000137,0.000137,0.000137,0.000139,0.000138,0.000139,
800,0.000140,0.000140,0.000140,0.000140,0.000139,0.000139,0.000142,0.000140,0.000140,0.000140,
810,0.000142,0.000142,0.000142,0.000142,0.000141,0.000142,0.000142,0.000142,0.000142,0.000142,
820,0.000144,0.000144,0.000143,0.000143,0.000145,0.000143,0.000143,0.000143,0.000143,0.000143,
830,0.000145,0.000145,0.000145,0.000144,0.000144,0.000145,0.000145,0.000145,0.000145,0.000145,
840,0.000147,0.000148,0.000145,0.000145,0.000146,0.000147,0.000147,0.000147,0.000147,0.000147,
850,0.000149,0.000147,0.000147,0.000147,0.000147,0.000149,0.000149,0.000149,0.000150,0.000149,
860,0.000149,0.000149,0.000149,0.000149,0.000150,0.000151,0.000151,0.000151,0.000151,0.000151,
870,0.000152,0.000152,0.000152,0.000151,0.000152,0.000152,0.000152,0.000152,0.000152,0.000152,
880,0.000154,0.000154,0.000153,0.000152,0.000152,0.000153,0.000153,0.000153,0.000153,0.000153,
890,0.000157,0.000155,0.000154,0.000154,0.000154,0.000154,0.000155,0.000155,0.000155,0.000155,
900,0.000157,0.000156,0.000156,0.000156,0.000156,0.000157,0.000159,0.000157,0.000158,0.000157,
910,0.000159,0.000157,0.000157,0.000157,0.000158,0.000159,0.000159,0.000159,0.000159,0.000159,
920,0.000161,0.000159,0.000161,0.000161,0.000161,0.000161,0.000161,0.000161,0.000161,0.000161,
930,0.000163,0.000162,0.000162,0.000163,0.000163,0.000163,0.000163,0.000165,0.000163,0.000163,
940,0.000164,0.000164,0.000166,0.000165,0.000164,0.000164,0.000165,0.000165,0.000164,0.000164,
950,0.000165,0.000165,0.000168,0.000165,0.000165,0.000166,0.000166,0.000166,0.000166,0.000165,
960,0.000166,0.000166,0.000168,0.000168,0.000168,0.000168,0.000168,0.000170,0.000167,0.000166,
970,0.000168,0.000168,0.000170,0.000170,0.000170,0.000169,0.000170,0.000169,0.000168,0.000168,
980,0.000170,0.000170,0.000173,0.000171,0.000171,0.000171,0.000172,0.000170,0.000171,0.000170,
990,0.000172,0.000173,0.000174,0.000173,0.000173,0.000173,0.000175,0.000172,0.000171,0.000171,
1000,0.000174,0.000175,0.000175,0.000175,0.000175,0.000175,0.000175,0.000174,0.000173,0.000174,