
0,0.000001,0.000000,0.000000,0.000000,0.000000,0.000000,0.000000,0.000000,0.000000,0.000000,
10,0.000004,0.000006,0.000010,0.000004,0.000005,0.000003,0.000010,0.000006,0.000005,0.000004,
20,0.000011,0.000006,0.000011,0.000010,0.000006,0.000010,0.000006,0.000010,0.000006,0.000009,
30,0.000008,0.000009,0.000012,0.000010,0.000011,0.000008,0.000015,0.000010,0.000013,0.000007,
40,0.000014,0.000012,0.000012,0.000012,0.000012,0.000015,0.000013,0.000012,0.000012,0.000012,
50,0.000014,0.000013,0.000014,0.000014,0.000017,0.000014,0.000018,0.000014,0.000018,0.000014,
60,0.000017,0.000017,0.000034,0.000016,0.000017,0.000016,0.000016,0.000018,0.000020,0.000016,
70,0.000019,0.000019,0.000018,0.000018,0.000025,0.000019,0.000019,0.000022,0.000018,0.000020,
80,0.000021,0.000021,0.000024,0.000021,0.000028,0.000022,0.000020,0.000025,0.000022,0.000026,
90,0.000026,0.000028,0.000024,0.000029,0.000023,0.000026,0.000022,0.000027,0.000022,0.000026,
100,0.000025,0.000028,0.000027,0.000027,0.000029,0.000026,0.000029,0.000025,0.000029,0.000026,
110,0.000033,0.000033,0.000029,0.000032,0.000033,0.000030,0.000033,0.000033,0.000028,0.000032,
120,0.000036,0.000033,0.000032,0.000035,0.000034,0.000034,0.000031,0.000033,0.000185,0.000037,
130,0.000039,0.000039,0.000037,0.000044,0.000037,0.000035,0.000038,0.000040,0.000035,0.000036,
140,0.000041,0.000042,0.000042,0.000044,0.000041,0.000042,0.000038,0.000041,0.000040,0.000040,
150,0.000045,0.000046,0.000055,0.000044,0.000048,0.000047,0.000047,0.000045,0.000046,0.000049,
160,0.000049,0.000049,0.000049,0.000052,0.000048,0.000047,0.000048,0.000048,0.000051,0.000047,
170,0.000057,0.000056,0.000059,0.000056,0.000051,0.000052,0.000055,0.000053,0.000055,0.000055,
180,0.000057,0.000057,0.000057,0.000056,0.000059,0.000057,0.000059,0.000057,0.000211,0.000055,
190,0.000060,0.000062,0.000060,0.000060,0.000061,0.000065,0.000067,0.000067,0.000063,0.000061,
200,0.000067,0.000067,0.000067,0.000066,0.000071,0.000065,0.000066,0.000066,0.000067,0.000068,
210,0.000074,0.000071,0.000074,0.000069,0.000075,0.000073,0.000073,0.000076,0.000075,0.000072,
220,0.000078,0.000077,0.000078,0.000075,0.000077,0.000076,0.000081,0.000231,0.000077,0.000078,
230,0.000091,0.000083,0.000082,0.000086,0.000081,0.000084,0.000082,0.000083,0.000082,0.000081,
240,0.000091,0.000087,0.000088,0.000088,0.000090,0.000090,0.000089,0.000086,0.000087,0.000088,
250,0.000094,0.000095,0.000093,0.000094,0.000097,0.000094,0.000094,0.000094,0.000249,0.000093,
260,0.000098,0.000100,0.000102,0.000100,0.000100,0.000099,0.000102,0.000100,0.000102,0.000101,
270,0.000198,0.000105,0.000117,0.000106,0.000103,0.000108,0.000107,0.000107,0.000107,0.000106,
280,0.000117,0.000115,0.000110,0.000114,0.000260,0.000112,0.000114,0.000114,0.000110,0.000111,
290,0.000120,0.000127,0.000127,0.000124,0.000119,0.000121,0.000122,0.000118,0.000122,0.000123,
300,0.000128,0.000125,0.000126,0.000125,0.000124,0.000124,0.000276,0.000127,0.000129,0.000126,
310,0.000135,0.000134,0.000134,0.000136,0.000137,0.000135,0.000135,0.000133,0.000136,0.000133,
320,0.000143,0.000142,0.000140,0.000139,0.000138,0.000143,0.000292,0.000144,0.000141,0.000141,
330,0.000149,0.000152,0.000147,0.000146,0.000149,0.000150,0.000150,0.000151,0.000147,0.000148,
340,0.000157,0.000155,0.000155,0.000159,0.000301,0.000157,0.000155,0.000159,0.000156,0.000156,
350,0.000171,0.000240,0.000166,0.000164,0.000163,0.000164,0.000162,0.000167,0.000169,0.000167,
360,0.000318,0.000174,0.000174,0.000172,0.000174,0.000169,0.000177,0.000171,0.000171,0.000173,
370,0.000183,0.000188,0.000177,0.000181,0.000186,0.000331,0.000181,0.000176,0.000181,0.000181,
380,0.000187,0.000186,0.000188,0.000186,0.000187,0.000187,0.000189,0.000186,0.000189,0.000192,
390,0.000347,0.000198,0.000200,0.000195,0.000197,0.000194,0.000193,0.000200,0.000197,0.000196,
400,0.000200,0.000202,0.000203,0.000356,0.000207,0.000207,0.000205,0.000212,0.000208,0.000299,
410,0.000213,0.000220,0.000213,0.000211,0.000213,0.000210,0.000354,0.000211,0.000219,0.000213,
420,0.000222,0.000222,0.000222,0.000218,0.000222,0.000224,0.000226,0.000224,0.000381,0.000219,
430,0.000231,0.000235,0.000231,0.000365,0.000231,0.000235,0.000235,0.000233,0.000232,0.000386,
440,0.000242,0.000240,0.000240,0.000239,0.000241,0.000249,0.000243,0.000247,0.000246,0.000244,
450,0.000387,0.000249,0.000255,0.000251,0.000250,0.000256,0.000254,0.000248,0.000255,0.000255,
460,0.000262,0.000412,0.000262,0.000259,0.000257,0.000262,0.000260,0.000266,0.000259,0.000262,
470,0.000271,0.000428,0.000268,0.000268,0.000271,0.000276,0.000269,0.000277,0.000271,0.000274,
480,0.000279,0.000417,0.000277,0.000286,0.000281,0.000287,0.000278,0.000277,0.000281,0.000285,
490,0.000440,0.000290,0.000294,0.000292,0.000428,0.000291,0.000290,0.000294,0.000292,0.000437,
500,0.000307,0.000304,0.000305,0.000302,0.000303,0.000305,0.000309,0.000298,0.000447,0.000299,
510,0.000314,0.000318,0.000308,0.000316,0.000309,0.000311,0.000448,0.000312,0.000310,0.000313,
520,0.000322,0.000321,0.000320,0.000324,0.000327,0.000466,0.000325,0.000332,0.000345,0.000324,
530,0.000333,0.000349,0.000331,0.000488,0.000330,0.000338,0.000338,0.000333,0.000332,0.000335,
540,0.000341,0.000491,0.000346,0.000350,0.000342,0.000347,0.000341,0.000344,0.000497,0.000347,
550,0.000355,0.000358,0.000352,0.000361,0.000361,0.000362,0.000497,0.000359,0.000359,0.000449,
560,0.000376,0.000377,0.000366,0.000512,0.000375,0.000368,0.000369,0.000367,0.000365,0.000367,
570,0.000522,0.000382,0.000382,0.000378,0.000381,0.000380,0.000383,0.000525,0.000383,0.000384,
580,0.000384,0.000397,0.000391,0.000396,0.000529,0.000397,0.000402,0.000437,0.000398,0.000395,
590,0.000406,0.000548,0.000402,0.000408,0.000403,0.000412,0.000398,0.000539,0.000406,0.000414,
600,0.000420,0.000422,0.000414,0.000545,0.000419,0.000409,0.000417,0.000420,0.000419,0.000414,
610,0.000551,0.000424,0.000425,0.000506,0.000429,0.000428,0.000552,0.000432,0.000432,0.000439,
620,0.000456,0.000439,0.000577,0.000438,0.000448,0.000448,0.000449,0.000442,0.000579,0.000438,
630,0.000456,0.000453,0.000452,0.000459,0.000601,0.000463,0.000473,0.000455,0.000452,0.000596,
640,0.000468,0.000470,0.000459,0.000467,0.000470,0.000600,0.000472,0.000468,0.000476,0.000473,
650,0.000477,0.000608,0.000481,0.000472,0.000478,0.000476,0.000604,0.000473,0.000488,0.000589,
660,0.000491,0.000495,0.000631,0.000490,0.000496,0.000498,0.000490,0.000622,0.000504,0.000493,
670,0.000502,0.000507,0.000638,0.000512,0.000508,0.000510,0.000511,0.000614,0.000503,0.000505,
680,0.000534,0.000532,0.000524,0.000647,0.000513,0.000545,0.000522,0.000522,0.000670,0.000521,
690,0.000536,0.000540,0.000538,0.000679,0.000532,0.000539,0.000534,0.000671,0.000538,0.000543,
700,0.000637,0.000550,0.000665,0.000551,0.000558,0.000552,0.000547,0.000679,0.000544,0.000556,
710,0.000564,0.000563,0.000692,0.000697,0.000571,0.000560,0.000680,0.000564,0.000560,0.000576,
720,0.000581,0.000698,0.000579,0.000578,0.000573,0.000576,0.000697,0.000578,0.000586,0.000577,
730,0.000716,0.000592,0.000596,0.000586,0.000586,0.000727,0.000592,0.000658,0.000591,0.000720,
740,0.000603,0.000608,0.000611,0.000752,0.000601,0.000600,0.000604,0.000603,0.000715,0.000603,
750,0.000620,0.000630,0.000755,0.000623,0.000625,0.000620,0.000742,0.000616,0.000626,0.000612,
760,0.000738,0.000637,0.000643,0.000654,0.000747,0.000637,0.000632,0.000635,0.000626,0.000749,
770,0.000733,0.000653,0.000659,0.000788,0.000653,0.000649,0.000668,0.000763,0.000647,0.000659,
780,0.000662,0.000778,0.000663,0.000668,0.000675,0.000788,0.000679,0.000669,0.000829,0.000671,
790,0.000678,0.000687,0.000808,0.000683,0.000689,0.000693,0.000811,0.000678,0.000686,0.000682,
800,0.000810,0.000699,0.000772,0.000691,0.000816,0.000693,0.000694,0.000693,0.000799,0.000701,
810,0.000716,0.000855,0.000722,0.000737,0.000719,0.000714,0.000712,0.000743,0.000715,0.000824,
820,0.000725,0.000726,0.000859,0.000727,0.000736,0.000733,0.000875,0.000731,0.000728,0.000856,
830,0.000756,0.000822,0.000758,0.000854,0.000762,0.000772,0.000850,0.000747,0.000747,0.000761,
840,0.000903,0.000758,0.000766,0.000890,0.000753,0.000768,0.000763,0.000894,0.000779,0.000765,
850,0.000877,0.000788,0.000788,0.000905,0.000776,0.000777,0.000781,0.000916,0.000846,0.000784,
860,0.000938,0.000809,0.000801,0.000932,0.000795,0.000798,0.000806,0.000911,0.000808,0.000802,
870,0.000956,0.000822,0.000824,0.000934,0.000816,0.000821,0.000935,0.000816,0.000828,0.000908,
880,0.000833,0.000864,0.000830,0.000955,0.000885,0.000832,0.000948,0.000835,0.000833,0.000954,
890,0.000867,0.000864,0.000944,0.000854,0.000858,0.000975,0.000847,0.000862,0.000977,0.000851,
900,0.000863,0.000992,0.000873,0.000877,0.000971,0.000874,0.000869,0.000996,0.000866,0.000947,
910,0.001030,0.000895,0.000889,0.000995,0.000893,0.000896,0.001019,0.000889,0.000880,0.000979,
920,0.000915,0.000904,0.001042,0.000905,0.000908,0.001021,0.000905,0.000915,0.001028,0.000902,
930,0.000936,0.001046,0.000995,0.001028,0.000946,0.000931,0.001034,0.000916,0.000930,0.001064,
940,0.000959,0.000937,0.001076,0.000955,0.000941,0.001078,0.000947,0.001048,0.000930,0.000945,
950,0.001090,0.000968,0.000958,0.001083,0.001046,0.000964,0.001092,0.000962,0.001076,0.000968,
960,0.000989,0.001089,0.000974,0.001003,0.001086,0.000989,0.001108,0.000980,0.000983,0.001067,
970,0.000994,0.001019,0.001112,0.000999,0.001103,0.001049,0.001003,0.001083,0.001001,0.001000,
980,0.001133,0.001006,0.001142,0.001011,0.001022,0.001133,0.001162,0.001147,0.001028,0.001027,
990,0.001126,0.001030,0.001160,0.001050,0.001041,0.001178,0.001053,0.001181,0.001048,0.001043,
1000,0.001190,0.001068,0.001136,0.001065,0.001046,0.001146,0.001057,0.001148,0.001048,0.001055,