
0,0.000000,0.000000,0.000000,0.000000,0.000000,0.000000,0.000000,0.000000,0.000000,0.000000,
10,0.000001,0.000001,0.000001,0.000001,0.000001,0.000001,0.000001,0.000001,0.000001,0.000001,
20,0.000003,0.000003,0.000003,0.000003,0.000003,0.000003,0.000003,0.000003,0.000003,0.000003,
30,0.000004,0.000004,0.000005,0.000004,0.000004,0.000004,0.000005,0.000004,0.000004,0.000004,
40,0.000006,0.000006,0.000006,0.000006,0.000006,0.000006,0.000006,0.000006,0.000006,0.000006,
50,0.000008,0.000008,0.000008,0.000008,0.000008,0.000009,0.000009,0.000008,0.000009,0.000009,
60,0.000011,0.000011,0.000011,0.000011,0.000011,0.000011,0.000011,0.000011,0.000011,0.000011,
70,0.000013,0.000013,0.000013,0.000013,0.000013,0.000013,0.000013,0.000013,0.000013,0.000013,
80,0.000016,0.000016,0.000015,0.000016,0.000016,0.000016,0.000015,0.000016,0.000015,0.000016,
90,0.000018,0.000018,0.000018,0.000019,0.000018,0.000018,0.000018,0.000018,0.000018,0.000018,
100,0.000021,0.000022,0.000022,0.000021,0.000022,0.000021,0.000022,0.000021,0.000021,0.000022,
110,0.000025,0.000025,0.000024,0.000024,0.000025,0.000025,0.000025,0.000025,0.000024,0.000025,
120,0.000028,0.000028,0.000027,0.000027,0.000027,0.000028,0.000028,0.000028,0.000029,0.000028,
130,0.000032,0.000032,0.000032,0.000032,0.000032,0.000032,0.000031,0.000032,0.000032,0.000032,
140,0.000035,0.000035,0.000035,0.000035,0.000035,0.000035,0.000035,0.000035,0.000035,0.000035,
150,0.000038,0.000038,0.000039,0.000039,0.000039,0.000039,0.000039,0.000039,0.000038,0.000039,
160,0.000042,0.000043,0.000043,0.000042,0.000042,0.000043,0.000043,0.000043,0.000043,0.000043,
170,0.000047,0.000047,0.000047,0.000047,0.000047,0.000047,0.000047,0.000047,0.000046,0.000047,
180,0.000051,0.000050,0.000051,0.000050,0.000051,0.000051,0.000051,0.000051,0.000052,0.000051,
190,0.000054,0.000055,0.000056,0.000056,0.000055,0.000056,0.000056,0.000056,0.000056,0.000055,
200,0.000060,0.000061,0.000060,0.000060,0.000060,0.000060,0.000060,0.000060,0.000059,0.000060,
210,0.000064,0.000065,0.000066,0.000065,0.000065,0.000065,0.000065,0.000064,0.000065,0.000065,
220,0.000070,0.000070,0.000070,0.000070,0.000070,0.000070,0.000070,0.000072,0.000070,0.000070,
230,0.000076,0.000075,0.000075,0.000075,0.000075,0.000075,0.000076,0.000075,0.000075,0.000076,
240,0.000081,0.000081,0.000081,0.000081,0.000081,0.000081,0.000080,0.000080,0.000081,0.000080,
250,0.000087,0.000086,0.000086,0.000086,0.000087,0.000086,0.000086,0.000086,0.000088,0.000086,
260,0.000092,0.000093,0.000093,0.000092,0.000092,0.000091,0.000092,0.000092,0.000092,0.000092,
270,0.000099,0.000098,0.000099,0.000098,0.000098,0.000098,0.000098,0.000098,0.000098,0.000098,
280,0.000104,0.000105,0.000103,0.000104,0.000105,0.000104,0.000103,0.000105,0.000104,0.000104,
290,0.000111,0.000112,0.000111,0.000110,0.000111,0.000112,0.000111,0.000110,0.000111,0.000111,
300,0.000116,0.000116,0.000117,0.000116,0.000117,0.000116,0.000119,0.000118,0.000117,0.000117,
310,0.000123,0.000124,0.000123,0.000124,0.000124,0.000124,0.000123,0.000123,0.000124,0.000124,
320,0.000131,0.000129,0.000129,0.000130,0.000130,0.000130,0.000132,0.000130,0.000131,0.000130,
330,0.000137,0.000138,0.000138,0.000138,0.000137,0.000138,0.000138,0.000138,0.000138,0.000138,
340,0.000145,0.000145,0.000144,0.000145,0.000146,0.000145,0.000145,0.000145,0.000145,0.000144,
350,0.000152,0.000153,0.000151,0.000152,0.000152,0.000151,0.000152,0.000152,0.000152,0.000152,
360,0.000161,0.000160,0.000160,0.000161,0.000160,0.000159,0.000160,0.000160,0.000161,0.000160,
370,0.000167,0.000167,0.000166,0.000167,0.000167,0.000169,0.000167,0.000166,0.000167,0.000166,
380,0.000175,0.000175,0.000175,0.000175,0.000175,0.000174,0.000175,0.000175,0.000176,0.000174,
390,0.000184,0.000183,0.000183,0.000183,0.000183,0.000183,0.000183,0.000183,0.000183,0.000183,
400,0.000190,0.000191,0.000191,0.000192,0.000191,0.000191,0.000191,0.000191,0.000192,0.000191,
410,0.000200,0.000199,0.000199,0.000199,0.000200,0.000198,0.000201,0.000199,0.000200,0.000200,
420,0.000208,0.000207,0.000207,0.000208,0.000208,0.000207,0.000207,0.000207,0.000209,0.000207,
430,0.000217,0.000216,0.000216,0.000218,0.000217,0.000217,0.000217,0.000217,0.000218,0.000219,
440,0.000226,0.000227,0.000227,0.000226,0.000226,0.000224,0.000226,0.000227,0.000225,0.000226,
450,0.000236,0.000235,0.000237,0.000235,0.000234,0.000235,0.000235,0.000235,0.000235,0.000236,
460,0.000244,0.000245,0.000244,0.000243,0.000243,0.000244,0.000245,0.000244,0.000244,0.000244,
470,0.000253,0.000254,0.000253,0.000252,0.000254,0.000252,0.000253,0.000254,0.000253,0.000253,
480,0.000263,0.000263,0.000262,0.000264,0.000263,0.000265,0.000261,0.000262,0.000265,0.000264,
490,0.000274,0.000272,0.000274,0.000273,0.000274,0.000273,0.000272,0.000273,0.000273,0.000275,
500,0.000284,0.000283,0.000283,0.000286,0.000285,0.000282,0.000286,0.000283,0.000284,0.000282,
510,0.000294,0.000293,0.000293,0.000293,0.000292,0.000294,0.000295,0.000294,0.000292,0.000294,
520,0.000305,0.000305,0.000305,0.000305,0.000305,0.000307,0.000306,0.000306,0.000305,0.000305,
530,0.000315,0.000316,0.000316,0.000317,0.000314,0.000316,0.000316,0.000315,0.000313,0.000315,
540,0.000326,0.000327,0.000325,0.000326,0.000326,0.000323,0.000323,0.000322,0.000327,0.000325,
550,0.000334,0.000338,0.000335,0.000337,0.000337,0.000338,0.000340,0.000336,0.000338,0.000339,
560,0.000350,0.000349,0.000348,0.000349,0.000348,0.000348,0.000347,0.000348,0.000347,0.000348,
570,0.000363,0.000359,0.000359,0.000358,0.000360,0.000357,0.000358,0.000360,0.000358,0.000358,
580,0.000367,0.000369,0.000368,0.000368,0.000370,0.000370,0.000370,0.000372,0.000371,0.000369,
590,0.000381,0.000383,0.000382,0.000382,0.000382,0.000381,0.000381,0.000382,0.000382,0.000382,
600,0.000395,0.000393,0.000391,0.000394,0.000391,0.000392,0.000393,0.000396,0.000394,0.000395,
610,0.000408,0.000407,0.000404,0.000408,0.000406,0.000405,0.000409,0.000405,0.000406,0.000406,
620,0.000418,0.000418,0.000418,0.000415,0.000418,0.000417,0.000419,0.000418,0.000419,0.000416,
630,0.000430,0.000430,0.000431,0.000431,0.000434,0.000432,0.000431,0.000431,0.000429,0.000428,
640,0.000442,0.000444,0.000441,0.000440,0.000442,0.000445,0.000442,0.000443,0.000443,0.000443,
650,0.000452,0.000454,0.000455,0.000453,0.000454,0.000454,0.000458,0.000453,0.000455,0.000456,
660,0.000467,0.000467,0.000468,0.000467,0.000470,0.000470,0.000468,0.000468,0.000465,0.000467,
670,0.000478,0.000480,0.000479,0.000478,0.000479,0.000480,0.000482,0.000480,0.000479,0.000480,
680,0.000493,0.000493,0.000492,0.000497,0.000495,0.000494,0.000494,0.000493,0.000494,0.000493,
690,0.000504,0.000508,0.000506,0.000510,0.000506,0.000508,0.000507,0.000509,0.000508,0.000507,
700,0.000522,0.000521,0.000521,0.000521,0.000521,0.000524,0.000523,0.000523,0.000519,0.000518,
710,0.000532,0.000532,0.000537,0.000537,0.000534,0.000534,0.000532,0.000536,0.000534,0.000538,
720,0.000551,0.000547,0.000548,0.000550,0.000548,0.000546,0.000548,0.000544,0.000549,0.000550,
730,0.000563,0.000561,0.000562,0.000562,0.000561,0.000562,0.000560,0.000562,0.000563,0.000559,
740,0.000574,0.000576,0.000578,0.000575,0.000574,0.000575,0.000573,0.000579,0.000579,0.000573,
750,0.000589,0.000591,0.000594,0.000590,0.000591,0.000590,0.000591,0.000589,0.000590,0.000589,
760,0.000604,0.000605,0.000608,0.000607,0.000606,0.000600,0.000602,0.000602,0.000603,0.000606,
770,0.000621,0.000618,0.000620,0.000620,0.000618,0.000618,0.000619,0.000619,0.000619,0.000619,
780,0.000634,0.000635,0.000634,0.000637,0.000636,0.000637,0.000636,0.000636,0.000638,0.000637,
790,0.000649,0.000648,0.000653,0.000651,0.000651,0.000654,0.000652,0.000650,0.000649,0.000649,
800,0.000665,0.000664,0.000667,0.000663,0.000666,0.000665,0.000659,0.000663,0.000663,0.000665,
810,0.000679,0.000682,0.000683,0.000682,0.000682,0.000679,0.000679,0.000681,0.000677,0.000681,
820,0.000699,0.000698,0.000699,0.000696,0.000692,0.000693,0.000694,0.000697,0.000696,0.000700,
830,0.000714,0.000717,0.000718,0.000717,0.000717,0.000716,0.000716,0.000712,0.000709,0.000711,
840,0.000729,0.000727,0.000726,0.000733,0.000728,0.000725,0.000725,0.000730,0.000727,0.000729,
850,0.000745,0.000749,0.000747,0.000750,0.000745,0.000745,0.000741,0.000745,0.000746,0.000746,
860,0.000758,0.000761,0.000759,0.000761,0.000758,0.000759,0.000757,0.000759,0.000759,0.000763,
870,0.000777,0.000777,0.000780,0.000779,0.000778,0.000778,0.000776,0.000776,0.000778,0.000780,
880,0.000793,0.000793,0.000793,0.000794,0.000795,0.000793,0.000795,0.000792,0.000790,0.000795,
890,0.000810,0.000813,0.000813,0.000813,0.000813,0.000815,0.000808,0.000809,0.000812,0.000810,
900,0.000825,0.000829,0.000826,0.000828,0.000827,0.000828,0.000829,0.000830,0.000828,0.000828,
910,0.000849,0.000845,0.000851,0.000851,0.000846,0.000844,0.000845,0.000846,0.000844,0.000846,
920,0.000866,0.000863,0.000866,0.000863,0.000859,0.000858,0.000862,0.000863,0.000866,0.000866,
930,0.000878,0.000881,0.000881,0.000882,0.000879,0.000881,0.000881,0.000879,0.000882,0.000881,
940,0.000901,0.000899,0.000897,0.000894,0.000899,0.000899,0.000896,0.000897,0.000893,0.000900,
950,0.000920,0.000917,0.000912,0.000913,0.000914,0.000920,0.000916,0.000918,0.000916,0.000913,
960,0.000938,0.000936,0.000935,0.000936,0.000936,0.000938,0.000935,0.000934,0.000933,0.000937,
970,0.000956,0.000957,0.000952,0.000953,0.000952,0.000956,0.000952,0.000950,0.000952,0.000952,
980,0.000972,0.000969,0.000975,0.000968,0.000970,0.000969,0.000974,0.000974,0.000974,0.000967,
990,0.000990,0.000991,0.000988,0.000985,0.000987,0.000993,0.000989,0.000991,0.000990,0.000987,
1000,0.001011,0.001004,0.001008,0.001010,0.001008,0.001005,0.001006,0.001005,0.001006,0.001005,