
0,0.000000,0.000000,0.000000,0.000000,0.000000,0.000000,0.000000,0.000000,0.000000,0.000000,
10,0.000001,0.000001,0.000001,0.000001,0.000001,0.000001,0.000001,0.000001,0.000001,0.000001,
20,0.000002,0.000002,0.000002,0.000002,0.000002,0.000002,0.000002,0.000002,0.000002,0.000002,
30,0.000004,0.000004,0.000004,0.000003,0.000004,0.000004,0.000004,0.000004,0.000004,0.000004,
40,0.000005,0.000005,0.000005,0.000005,0.000005,0.000005,0.000005,0.000005,0.000005,0.000005,
50,0.000007,0.000007,0.000007,0.000007,0.000007,0.000007,0.000007,0.000007,0.000007,0.000007,
60,0.000009,0.000009,0.000009,0.000009,0.000009,0.000008,0.000009,0.000009,0.000009,0.000009,
70,0.000011,0.000011,0.000011,0.000011,0.000010,0.000011,0.000011,0.000011,0.000011,0.000011,
80,0.000013,0.000013,0.000012,0.000013,0.000013,0.000013,0.000013,0.000013,0.000013,0.000013,
90,0.000015,0.000015,0.000015,0.000015,0.000016,0.000015,0.000015,0.000015,0.000016,0.000015,
100,0.000017,0.000018,0.000018,0.000018,0.000019,0.000018,0.000018,0.000018,0.000018,0.000018,
110,0.000021,0.000021,0.000020,0.000020,0.000021,0.000021,0.000021,0.000021,0.000021,0.000021,
120,0.000024,0.000025,0.000023,0.000024,0.000024,0.000024,0.000024,0.000024,0.000023,0.000025,
130,0.000029,0.000029,0.000029,0.000029,0.000029,0.000029,0.000028,0.000028,0.000028,0.000030,
140,0.000032,0.000032,0.000031,0.000032,0.000031,0.000031,0.000031,0.000033,0.000032,0.000031,
150,0.000035,0.000035,0.000035,0.000034,0.000034,0.000036,0.000035,0.000035,0.000035,0.000036,
160,0.000038,0.000038,0.000039,0.000039,0.000039,0.000039,0.000039,0.000039,0.000040,0.000039,
170,0.000042,0.000042,0.000042,0.000043,0.000042,0.000042,0.000042,0.000043,0.000042,0.000043,
180,0.000047,0.000044,0.000046,0.000044,0.000045,0.000047,0.000046,0.000047,0.000047,0.000047,
190,0.000050,0.000050,0.000050,0.000050,0.000051,0.000052,0.000051,0.000050,0.000051,0.000050,
200,0.000051,0.000056,0.000056,0.000054,0.000055,0.000055,0.000052,0.000054,0.000052,0.000055,
210,0.000058,0.000061,0.000061,0.000059,0.000059,0.000060,0.000060,0.000058,0.000061,0.000060,
220,0.000063,0.000064,0.000064,0.000065,0.000064,0.000064,0.000063,0.000064,0.000063,0.000063,
230,0.000069,0.000070,0.000068,0.000069,0.000069,0.000069,0.000069,0.000068,0.000069,0.000070,
240,0.000074,0.000076,0.000075,0.000075,0.000070,0.000075,0.000073,0.000076,0.000074,0.000073,
250,0.000080,0.000077,0.000078,0.000081,0.000079,0.000079,0.000080,0.000079,0.000078,0.000080,
260,0.000084,0.000086,0.000087,0.000085,0.000084,0.000085,0.000086,0.000082,0.000086,0.000084,
270,0.000090,0.000092,0.000091,0.000091,0.000091,0.000091,0.000090,0.000091,0.000089,0.000091,
280,0.000098,0.000097,0.000094,0.000096,0.000094,0.000095,0.000091,0.000097,0.000097,0.000097,
290,0.000105,0.000102,0.000102,0.000102,0.000102,0.000103,0.000104,0.000101,0.000101,0.000102,
300,0.000106,0.000107,0.000107,0.000108,0.000109,0.000103,0.000110,0.000109,0.000108,0.000109,
310,0.000115,0.000116,0.000114,0.000111,0.000113,0.000113,0.000112,0.000111,0.000112,0.000115,
320,0.000120,0.000121,0.000120,0.000120,0.000120,0.000117,0.000117,0.000122,0.000119,0.000120,
330,0.000129,0.000125,0.000126,0.000124,0.000124,0.000128,0.000128,0.000130,0.000130,0.000129,
340,0.000132,0.000134,0.000130,0.000135,0.000135,0.000135,0.000129,0.000132,0.000134,0.000134,
350,0.000140,0.000140,0.000138,0.000140,0.000139,0.000140,0.000142,0.000141,0.000141,0.000139,
360,0.000146,0.000150,0.000148,0.000151,0.000149,0.000148,0.000145,0.000150,0.000150,0.000151,
370,0.000156,0.000154,0.000154,0.000154,0.000155,0.000157,0.000156,0.000155,0.000156,0.000150,
380,0.000164,0.000161,0.000164,0.000162,0.000161,0.000160,0.000161,0.000164,0.000164,0.000165,
390,0.000174,0.000173,0.000171,0.000170,0.000171,0.000173,0.000168,0.000171,0.000169,0.000170,
400,0.000176,0.000179,0.000178,0.000177,0.000178,0.000177,0.000179,0.000177,0.000180,0.000177,
410,0.000186,0.000186,0.000188,0.000185,0.000189,0.000185,0.000184,0.000188,0.000184,0.000187,
420,0.000189,0.000192,0.000193,0.000195,0.000195,0.000190,0.000192,0.000194,0.000191,0.000193,
430,0.000202,0.000198,0.000202,0.000206,0.000202,0.000203,0.000204,0.000200,0.000203,0.000203,
440,0.000215,0.000212,0.000209,0.000211,0.000212,0.000211,0.000212,0.000209,0.000212,0.000214,
450,0.000216,0.000221,0.000221,0.000219,0.000221,0.000219,0.000218,0.000217,0.000220,0.000220,
460,0.000226,0.000226,0.000228,0.000229,0.000227,0.000229,0.000230,0.000230,0.000227,0.000228,
470,0.000238,0.000237,0.000239,0.000236,0.000240,0.000238,0.000240,0.000240,0.000237,0.000235,
480,0.000247,0.000247,0.000246,0.000249,0.000247,0.000244,0.000244,0.000247,0.000245,0.000252,
490,0.000255,0.000251,0.000255,0.000251,0.000254,0.000248,0.000249,0.000253,0.000256,0.000257,
500,0.000270,0.000265,0.000259,0.000270,0.000264,0.000265,0.000265,0.000268,0.000260,0.000262,
510,0.000273,0.000276,0.000274,0.000273,0.000273,0.000272,0.000270,0.000276,0.000274,0.000276,
520,0.000289,0.000286,0.000285,0.000290,0.000290,0.000287,0.000287,0.000288,0.000286,0.000282,
530,0.000300,0.000302,0.000299,0.000291,0.000297,0.000292,0.000290,0.000300,0.000298,0.000299,
540,0.000307,0.000307,0.000294,0.000305,0.000299,0.000303,0.000304,0.000299,0.000308,0.000306,
550,0.000317,0.000312,0.000316,0.000320,0.000314,0.000314,0.000313,0.000314,0.000321,0.000322,
560,0.000328,0.000325,0.000323,0.000328,0.000325,0.000321,0.000331,0.000332,0.000323,0.000329,
570,0.000343,0.000340,0.000338,0.000324,0.000339,0.000337,0.000337,0.000335,0.000331,0.000334,
580,0.000341,0.000352,0.000346,0.000344,0.000348,0.000352,0.000346,0.000352,0.000345,0.000350,
590,0.000346,0.000359,0.000363,0.000356,0.000352,0.000356,0.000359,0.000356,0.000358,0.000360,
600,0.000371,0.000366,0.000366,0.000371,0.000377,0.000370,0.000365,0.000364,0.000370,0.000370,
610,0.000382,0.000386,0.000373,0.000379,0.000383,0.000384,0.000388,0.000385,0.000386,0.000386,
620,0.000393,0.000397,0.000389,0.000392,0.000395,0.000395,0.000395,0.000395,0.000393,0.000394,
630,0.000400,0.000402,0.000403,0.000407,0.000406,0.000409,0.000401,0.000397,0.000403,0.000407,
640,0.000415,0.000413,0.000411,0.000404,0.000417,0.000415,0.000410,0.000414,0.000413,0.000418,
650,0.000435,0.000423,0.000432,0.000428,0.000431,0.000428,0.000431,0.000428,0.000429,0.000431,
660,0.000443,0.000440,0.000440,0.000438,0.000440,0.000443,0.000442,0.000438,0.000436,0.000436,
670,0.000456,0.000455,0.000451,0.000452,0.000451,0.000454,0.000454,0.000454,0.000457,0.000451,
680,0.000453,0.000467,0.000467,0.000472,0.000462,0.000466,0.000467,0.000467,0.000459,0.000469,
690,0.000473,0.000477,0.000474,0.000485,0.000482,0.000476,0.000479,0.000475,0.000483,0.000479,
700,0.000481,0.000496,0.000493,0.000491,0.000494,0.000496,0.000494,0.000498,0.000497,0.000484,
710,0.000501,0.000498,0.000507,0.000508,0.000504,0.000494,0.000498,0.000510,0.000498,0.000511,
720,0.000523,0.000513,0.000522,0.000512,0.000520,0.000517,0.000522,0.000517,0.000520,0.000520,
730,0.000530,0.000533,0.000526,0.000526,0.000532,0.000527,0.000526,0.000537,0.000510,0.000533,
740,0.000548,0.000550,0.000542,0.000535,0.000545,0.000541,0.000545,0.000549,0.000536,0.000541,
750,0.000556,0.000562,0.000562,0.000564,0.000555,0.000544,0.000554,0.000555,0.000556,0.000547,
760,0.000576,0.000561,0.000574,0.000573,0.000571,0.000565,0.000568,0.000564,0.000568,0.000573,
770,0.000591,0.000584,0.000589,0.000588,0.000572,0.000588,0.000580,0.000589,0.000582,0.000586,
780,0.000606,0.000600,0.000604,0.000607,0.000606,0.000598,0.000609,0.000601,0.000597,0.000598,
790,0.000614,0.000618,0.000607,0.000618,0.000619,0.000608,0.000614,0.000617,0.000624,0.000613,
800,0.000620,0.000634,0.000620,0.000621,0.000635,0.000641,0.000622,0.000614,0.000625,0.000622,
810,0.000647,0.000641,0.000650,0.000649,0.000638,0.000632,0.000637,0.000643,0.000639,0.000638,
820,0.000669,0.000668,0.000663,0.000666,0.000655,0.000654,0.000653,0.000655,0.000656,0.000651,
830,0.000678,0.000685,0.000671,0.000676,0.000677,0.000675,0.000690,0.000682,0.000670,0.000667,
840,0.000686,0.000684,0.000688,0.000662,0.000691,0.000694,0.000693,0.000681,0.000690,0.000701,
850,0.000709,0.000711,0.000702,0.000708,0.000714,0.000714,0.000693,0.000702,0.000707,0.000701,
860,0.000709,0.000728,0.000724,0.000720,0.000719,0.000722,0.000711,0.000726,0.000722,0.000729,
870,0.000739,0.000723,0.000732,0.000743,0.000730,0.000733,0.000732,0.000734,0.000730,0.000727,
880,0.000751,0.000753,0.000756,0.000753,0.000755,0.000748,0.000750,0.000750,0.000747,0.000752,
890,0.000751,0.000751,0.000766,0.000774,0.000765,0.000778,0.000761,0.000757,0.000775,0.000768,
900,0.000771,0.000790,0.000782,0.000785,0.000788,0.000794,0.000776,0.000796,0.000789,0.000790,
910,0.000800,0.000796,0.000802,0.000806,0.000806,0.000809,0.000805,0.000805,0.000793,0.000762,
920,0.000818,0.000826,0.000820,0.000816,0.000799,0.000819,0.000810,0.000817,0.000817,0.000827,
930,0.000833,0.000841,0.000841,0.000839,0.000842,0.000825,0.000837,0.000833,0.000824,0.000829,
940,0.000851,0.000854,0.000844,0.000847,0.000861,0.000853,0.000864,0.000847,0.000845,0.000867,
950,0.000862,0.000877,0.000867,0.000873,0.000866,0.000873,0.000862,0.000872,0.000873,0.000858,
960,0.000893,0.000893,0.000888,0.000892,0.000881,0.000893,0.000862,0.000872,0.000883,0.000892,
970,0.000906,0.000912,0.000906,0.000898,0.000914,0.000907,0.000901,0.000898,0.000899,0.000906,
980,0.000931,0.000924,0.000931,0.000921,0.000911,0.000908,0.000910,0.000921,0.000928,0.000915,
990,0.000932,0.000939,0.000942,0.000944,0.000934,0.000942,0.000939,0.000929,0.000924,0.000930,
1000,0.000947,0.000940,0.000957,0.000968,0.000953,0.000949,0.000971,0.000958,0.000967,0.000943,