Number of elements:;Best time:;Worst time:;Average time:;Memory usage:
10;0.000001;0.000007;0.000002;4576
20;0.000003;0.000009;0.000004;4636
30;0.000006;0.000026;0.000007;4736
40;0.000009;0.000029;0.000011;4860
50;0.000013;0.000065;0.000015;5016
60;0.000016;0.000056;0.000019;5204
70;0.000016;0.000130;0.000020;5420
80;0.000020;0.000048;0.000022;5672
90;0.000023;0.000059;0.000028;5952
100;0.000033;0.000066;0.000037;6264
110;0.000032;0.000161;0.000040;6608
120;0.000036;0.000069;0.000039;6984
130;0.000042;0.000052;0.000044;7388
140;0.000046;0.000150;0.000051;7824
150;0.000052;0.000134;0.000056;8292
160;0.000058;0.000139;0.000071;8792
170;0.000064;0.000110;0.000076;9324
180;0.000070;0.000224;0.000076;9884
190;0.000076;0.000088;0.000080;10480
200;0.000083;0.000244;0.000103;11100
210;0.000093;0.001253;0.000144;11760
220;0.000119;0.000209;0.000127;12444
230;0.000129;0.000532;0.000141;13168
240;0.000116;0.000282;0.000147;13916
250;0.000122;0.000231;0.000141;14696
260;0.000132;0.000447;0.000162;15508
270;0.000138;0.000201;0.000145;16348
280;0.000149;0.000219;0.000175;17228
290;0.000155;0.000287;0.000181;18132
300;0.000167;0.000254;0.000195;19072
310;0.000176;0.003658;0.000240;20040
320;0.000187;0.000291;0.000207;21040
330;0.000197;0.000536;0.000233;22068
340;0.000207;0.000340;0.000217;23132
350;0.000218;0.000587;0.000252;24220
360;0.000230;0.000407;0.000264;25348
370;0.000242;0.000955;0.000291;26504
380;0.000256;0.000908;0.000403;27692
390;0.000265;0.002107;0.000333;28912
400;0.000275;0.000418;0.000318;30160
410;0.000288;0.000499;0.000335;31440
420;0.000300;0.000420;0.000349;32756
430;0.000313;0.000533;0.000361;34096
440;0.000330;0.000491;0.000341;35472
450;0.000343;0.000480;0.000370;36880
460;0.000359;0.000769;0.000388;38316
470;0.000372;0.000587;0.000444;39784
480;0.000384;0.004566;0.000444;41284
490;0.000401;0.000652;0.000427;42816
500;0.000412;0.000635;0.000447;44376
510;0.000430;0.000552;0.000446;45972
520;0.000446;0.000669;0.000491;47596
530;0.000464;0.000781;0.000526;49252
540;0.000477;0.000809;0.000533;50936
550;0.000497;0.000759;0.000603;52656
560;0.000508;0.000827;0.000560;54404
570;0.000526;0.000985;0.000620;56188
580;0.000541;0.000893;0.000645;58000
590;0.000561;0.003076;0.000800;59844
600;0.000574;0.000771;0.000602;61716
610;0.000599;0.000837;0.000679;63624
620;0.000616;0.004740;0.000778;65560
630;0.000636;0.000903;0.000683;67528
640;0.000658;0.001056;0.000806;69528
650;0.000675;0.005391;0.000849;71560
660;0.000694;0.001114;0.000785;73620
670;0.000711;0.001125;0.000782;75716
680;0.000736;0.005796;0.000892;77840
690;0.000756;0.001064;0.000873;79996
700;0.000751;0.001155;0.000826;82184
710;0.000765;0.000971;0.000819;84400
720;0.000787;0.001628;0.000951;86652
730;0.000810;0.001029;0.000862;88932
740;0.000835;0.001002;0.000882;91244
750;0.000851;0.001047;0.000901;93588
760;0.000867;0.001065;0.000917;95964
770;0.000896;0.001133;0.000954;98368
780;0.000919;0.001170;0.000978;100804
790;0.000936;0.001154;0.000996;103272
800;0.000961;0.001344;0.001037;105772
810;0.000979;0.001452;0.001071;108304
820;0.001026;0.002889;0.001253;110868
830;0.001067;0.001251;0.001109;113460
840;0.001068;0.001234;0.001127;116084
850;0.001082;0.001314;0.001147;118740
860;0.001106;0.001582;0.001192;121428
870;0.001127;0.001693;0.001304;124148
880;0.001154;0.001403;0.001223;126896
890;0.001178;0.001700;0.001255;129676
900;0.001207;0.002804;0.001389;132488
910;0.001240;0.001479;0.001314;135332
920;0.001257;0.001845;0.001356;138204
930;0.001288;0.001826;0.001421;141112
940;0.001331;0.001804;0.001470;144052
950;0.001332;0.001913;0.001462;147020
960;0.001367;0.001763;0.001466;150020
970;0.001410;0.002331;0.001609;153048
980;0.001434;0.002086;0.001592;156112
990;0.001443;0.002125;0.001611;159204
1000;0.001490;0.002025;0.001661;162328
