
10,1310420,
20,1310444,
30,1310444,
40,1310444,
50,1310448,
60,1310448,
70,1310448,
80,1310452,
90,1310452,
100,1310456,
110,1310460,
120,1310460,
130,1310464,
140,1310468,
150,1310472,
160,1310476,
170,1310480,
180,1310484,
190,1310488,
200,1310492,
210,1310500,
220,1310504,
230,1310508,
240,1310516,
250,1310520,
260,1310528,
270,1310536,
280,1310540,
290,1310548,
300,1310556,
310,1310564,
320,1310572,
330,1310580,
340,1310588,
350,1310596,
360,1310608,
370,1310616,
380,1310624,
390,1310636,
400,1310644,
410,1310656,
420,1310664,
430,1310676,
440,1310688,
450,1310700,
460,1310712,
470,1310724,
480,1310736,
490,1310748,
500,1310760,
510,1310772,
520,1310784,
530,1310800,
540,1310812,
550,1310824,
560,1310840,
570,1310856,
580,1310868,
590,1310884,
600,1310900,
610,1310912,
620,1310928,
630,1310944,
640,1310960,
650,1310980,
660,1310996,
670,1311012,
680,1311028,
690,1311048,
700,1311064,
710,1311080,
720,1311100,
730,1311120,
740,1311136,
750,1311156,
760,1311176,
770,1311196,
780,1311216,
790,1311236,
800,1311256,
810,1311276,
820,1311296,
830,1311316,
840,1311340,
850,1311360,
860,1311380,
870,1311404,
880,1311428,
890,1311448,
900,1311472,
910,1311496,
920,1311516,
930,1311540,
940,1311564,
950,1311588,
960,1311612,
970,1311640,
980,1311664,
990,1311688,
1000,1311712,