
10,0.000003,0.000003,0.000003,0.000003,0.000003,0.000003,0.000003,0.000003,0.000003,0.000003,
20,0.000006,0.000006,0.000006,0.000006,0.000006,0.000006,0.000006,0.000006,0.000006,0.000006,
30,0.000009,0.000009,0.000009,0.000009,0.000009,0.000009,0.000009,0.000009,0.000009,0.000009,
40,0.000013,0.000013,0.000013,0.000013,0.000012,0.000013,0.000013,0.000013,0.000013,0.000013,
50,0.000017,0.000017,0.000017,0.000017,0.000017,0.000017,0.000018,0.000017,0.000017,0.000017,
60,0.000021,0.000021,0.000021,0.000022,0.000022,0.000022,0.000022,0.000021,0.000022,0.000021,
70,0.000027,0.000027,0.000027,0.000026,0.000027,0.000027,0.000027,0.000027,0.000027,0.000027,
80,0.000033,0.000032,0.000033,0.000031,0.000032,0.000033,0.000032,0.000032,0.000033,0.000033,
90,0.000038,0.000037,0.000038,0.000038,0.000038,0.000039,0.000039,0.000037,0.000039,0.000038,
100,0.000045,0.000044,0.000045,0.000044,0.000044,0.000044,0.000045,0.000045,0.000045,0.000045,
110,0.000051,0.000052,0.000052,0.000052,0.000051,0.000051,0.000051,0.000051,0.000051,0.000051,
120,0.000057,0.000058,0.000059,0.000059,0.000058,0.000059,0.000059,0.000059,0.000060,0.000059,
130,0.000065,0.000067,0.000067,0.000067,0.000067,0.000066,0.000067,0.000066,0.000066,0.000067,
140,0.000076,0.000075,0.000075,0.000076,0.000075,0.000073,0.000075,0.000076,0.000075,0.000075,
150,0.000085,0.000084,0.000085,0.000084,0.000084,0.000084,0.000085,0.000083,0.000083,0.000085,
160,0.000093,0.000094,0.000095,0.000094,0.000095,0.000093,0.000094,0.000095,0.000093,0.000093,
170,0.000103,0.000101,0.000103,0.000103,0.000103,0.000103,0.000104,0.000104,0.000103,0.000104,
180,0.000114,0.000113,0.000114,0.000113,0.000113,0.000114,0.000115,0.000113,0.000113,0.000113,
190,0.000125,0.000122,0.000124,0.000124,0.000123,0.000124,0.000124,0.000124,0.000123,0.000124,
200,0.000135,0.000134,0.000135,0.000133,0.000135,0.000133,0.000135,0.000135,0.000133,0.000134,
210,0.000146,0.000146,0.000145,0.000145,0.000148,0.000146,0.000145,0.000148,0.000145,0.000145,
220,0.000155,0.000157,0.000159,0.000157,0.000157,0.000153,0.000157,0.000159,0.000158,0.000159,
230,0.000170,0.000170,0.000166,0.000172,0.000169,0.000166,0.000168,0.000169,0.000169,0.000172,
240,0.000183,0.000183,0.000183,0.000184,0.000180,0.000182,0.000181,0.000184,0.000183,0.000179,
250,0.000197,0.000196,0.000194,0.000193,0.000197,0.000195,0.000197,0.000198,0.000197,0.000194,
260,0.000208,0.000209,0.000207,0.000208,0.000209,0.000211,0.000210,0.000211,0.000208,0.000211,
270,0.000224,0.000224,0.000225,0.000218,0.000225,0.000224,0.000226,0.000223,0.000223,0.000225,
280,0.000233,0.000235,0.000238,0.000237,0.000242,0.000237,0.000239,0.000239,0.000233,0.000240,
290,0.000251,0.000256,0.000252,0.000252,0.000248,0.000252,0.000249,0.000252,0.000256,0.000256,
300,0.000266,0.000269,0.000268,0.000267,0.000270,0.000266,0.000271,0.000270,0.000268,0.000270,
310,0.000281,0.000285,0.000281,0.000286,0.000279,0.000283,0.000284,0.000284,0.000284,0.000286,
320,0.000301,0.000299,0.000298,0.000304,0.000302,0.000304,0.000299,0.000300,0.000300,0.000296,
330,0.000313,0.000317,0.000315,0.000319,0.000312,0.000315,0.000316,0.000318,0.000314,0.000320,
340,0.000336,0.000336,0.000339,0.000334,0.000337,0.000331,0.000334,0.000339,0.000334,0.000330,
350,0.000350,0.000355,0.000352,0.000355,0.000353,0.000350,0.000355,0.000350,0.000351,0.000354,
360,0.000372,0.000370,0.000374,0.000368,0.000369,0.000368,0.000372,0.000370,0.000374,0.000367,
370,0.000394,0.000391,0.000383,0.000389,0.000392,0.000389,0.000392,0.000390,0.000390,0.000391,
380,0.000412,0.000410,0.000406,0.000406,0.000406,0.000406,0.000405,0.000408,0.000411,0.000407,
390,0.000427,0.000431,0.000428,0.000417,0.000422,0.000430,0.000427,0.000429,0.000426,0.000429,
400,0.000447,0.000441,0.000449,0.000449,0.000449,0.000450,0.000445,0.000440,0.000451,0.000449,
410,0.000469,0.000472,0.000471,0.000471,0.000470,0.000471,0.000471,0.000466,0.000464,0.000473,
420,0.000487,0.000494,0.000482,0.000491,0.000491,0.000490,0.000492,0.000491,0.000492,0.000488,
430,0.000508,0.000509,0.000505,0.000503,0.000512,0.000510,0.000505,0.000507,0.000510,0.000509,
440,0.000528,0.000528,0.000526,0.000530,0.000526,0.000535,0.000531,0.000531,0.000530,0.000533,
450,0.000550,0.000555,0.000549,0.000555,0.000555,0.000552,0.000558,0.000558,0.000550,0.000553,
460,0.000577,0.000583,0.000577,0.000580,0.000574,0.000580,0.000584,0.000573,0.000574,0.000571,
470,0.000600,0.000599,0.000599,0.000599,0.000598,0.000599,0.000599,0.000596,0.000604,0.000604,
480,0.000628,0.000627,0.000623,0.000628,0.000627,0.000620,0.000622,0.000625,0.000622,0.000626,
490,0.000655,0.000645,0.000641,0.000644,0.000648,0.000645,0.000642,0.000648,0.000650,0.000646,
500,0.000675,0.000674,0.000673,0.000673,0.000671,0.000669,0.000674,0.000675,0.000678,0.000672,
510,0.000698,0.000692,0.000703,0.000702,0.000693,0.000703,0.000693,0.000700,0.000693,0.000701,
520,0.000716,0.000726,0.000718,0.000720,0.000726,0.000717,0.000721,0.000728,0.000715,0.000713,
530,0.000743,0.000754,0.000736,0.000753,0.000748,0.000748,0.000742,0.000756,0.000746,0.000753,
540,0.000772,0.000780,0.000776,0.000778,0.000765,0.000770,0.000776,0.000763,0.000770,0.000774,
550,0.000806,0.000791,0.000796,0.000803,0.000805,0.000801,0.000809,0.000809,0.000804,0.000799,
560,0.000831,0.000829,0.000832,0.000827,0.000823,0.000823,0.000832,0.000831,0.000830,0.000827,
570,0.000854,0.000842,0.000859,0.000862,0.000856,0.000851,0.000858,0.000859,0.000858,0.000855,
580,0.000883,0.000878,0.000883,0.000882,0.000887,0.000893,0.000888,0.000884,0.000882,0.000886,
590,0.000913,0.000920,0.000913,0.000905,0.000907,0.000915,0.000909,0.000915,0.000917,0.000912,
600,0.000947,0.000951,0.000939,0.000932,0.000940,0.000935,0.000947,0.000936,0.000937,0.000942,
610,0.000966,0.000982,0.000953,0.000967,0.000980,0.000962,0.000980,0.000974,0.000962,0.000968,
620,0.001007,0.001006,0.000976,0.001002,0.001011,0.000996,0.001004,0.001006,0.001002,0.001002,
630,0.001033,0.001037,0.001037,0.001028,0.001029,0.001025,0.001032,0.001021,0.001031,0.001026,
640,0.001067,0.001048,0.001061,0.001065,0.001075,0.001050,0.001048,0.001054,0.001061,0.001054,
650,0.001087,0.001085,0.001102,0.001095,0.001098,0.001090,0.001093,0.001080,0.001100,0.001093,
660,0.001128,0.001125,0.001120,0.001118,0.001135,0.001133,0.001125,0.001134,0.001132,0.001119,
670,0.001154,0.001167,0.001156,0.001153,0.001158,0.001152,0.001153,0.001160,0.001152,0.001150,
680,0.001175,0.001188,0.001188,0.001178,0.001195,0.001191,0.001191,0.001197,0.001196,0.001195,
690,0.001227,0.001219,0.001228,0.001233,0.001212,0.001225,0.001226,0.001224,0.001223,0.001216,
700,0.001260,0.001240,0.001256,0.001265,0.001257,0.001263,0.001257,0.001263,0.001232,0.001248,
710,0.001295,0.001275,0.001276,0.001295,0.001290,0.001273,0.001279,0.001290,0.001298,0.001289,
720,0.001322,0.001337,0.001323,0.001333,0.001335,0.001323,0.001318,0.001320,0.001324,0.001324,
730,0.001370,0.001362,0.001357,0.001356,0.001349,0.001371,0.001365,0.001360,0.001353,0.001360,
740,0.001397,0.001395,0.001407,0.001407,0.001397,0.001391,0.001398,0.001404,0.001396,0.001396,
750,0.001425,0.001429,0.001438,0.001436,0.001435,0.001438,0.001440,0.001430,0.001430,0.001428,
760,0.001460,0.001466,0.001472,0.001476,0.001458,0.001468,0.001469,0.001475,0.001473,0.001448,
770,0.001509,0.001496,0.001510,0.001500,0.001497,0.001490,0.001496,0.001494,0.001503,0.001503,
780,0.001537,0.001542,0.001513,0.001544,0.001539,0.001552,0.001529,0.001544,0.001528,0.001521,
790,0.001584,0.001574,0.001585,0.001581,0.001588,0.001584,0.001586,0.001576,0.001592,0.001586,
800,0.001602,0.001616,0.001615,0.001608,0.001596,0.001617,0.001619,0.001617,0.001622,0.001626,
810,0.001640,0.001677,0.001644,0.001663,0.001644,0.001648,0.001639,0.001662,0.001672,0.001659,
820,0.001693,0.001701,0.001700,0.001702,0.001691,0.001688,0.001691,0.001694,0.001702,0.001700,
830,0.001727,0.001735,0.001744,0.001731,0.001725,0.001741,0.001719,0.001729,0.001729,0.001735,
840,0.001784,0.001778,0.001757,0.001782,0.001773,0.001785,0.001786,0.001770,0.001763,0.001785,
850,0.001818,0.001822,0.001817,0.001825,0.001809,0.001820,0.001817,0.001819,0.001822,0.001822,
860,0.001864,0.001839,0.001855,0.001822,0.001868,0.001853,0.001859,0.001869,0.001875,0.001858,
870,0.001902,0.001910,0.001883,0.001898,0.001889,0.001915,0.001898,0.001899,0.001888,0.001875,
880,0.001940,0.001936,0.001945,0.001944,0.001942,0.001950,0.001936,0.001953,0.001915,0.001930,
890,0.001980,0.001981,0.001988,0.001952,0.001986,0.001981,0.001966,0.001992,0.001977,0.002000,
900,0.002031,0.002035,0.002028,0.002015,0.002026,0.002031,0.002009,0.002026,0.002023,0.002009,
910,0.002033,0.002053,0.002032,0.002064,0.002071,0.002070,0.002064,0.002080,0.002071,0.002047,
920,0.002122,0.002110,0.002100,0.002115,0.002080,0.002132,0.002115,0.002107,0.002129,0.002112,
930,0.002174,0.002161,0.002161,0.002159,0.002148,0.002167,0.002169,0.002160,0.002142,0.002158,
940,0.002184,0.002183,0.002195,0.002188,0.002208,0.002192,0.002188,0.002170,0.002210,0.002211,
950,0.002241,0.002231,0.002247,0.002250,0.002243,0.002255,0.002257,0.002251,0.002266,0.002236,
960,0.002298,0.002261,0.002291,0.002272,0.002291,0.002308,0.002313,0.002295,0.002291,0.002255,
970,0.002333,0.002338,0.002335,0.002329,0.002340,0.002336,0.002334,0.002338,0.002346,0.002338,
980,0.002390,0.002395,0.002393,0.002379,0.002380,0.002378,0.002375,0.002384,0.002351,0.002353,
990,0.002434,0.002421,0.002435,0.002438,0.002419,0.002429,0.002426,0.002426,0.002419,0.002394,
1000,0.002461,0.002488,0.002475,0.002476,0.002497,0.002478,0.002476,0.002476,0.002475,0.002455,