
10,0.000001,
20,0.000001,
30,0.000005,
40,0.000004,
50,0.000005,
60,0.000006,
70,0.000007,
80,0.000008,
90,0.000011,
100,0.000013,
110,0.000013,
120,0.000016,
130,0.000016,
140,0.000016,
150,0.000017,
160,0.000020,
170,0.000017,
180,0.000022,
190,0.000023,
200,0.000026,
210,0.000024,
220,0.000028,
230,0.000028,
240,0.000028,
250,0.000028,
260,0.000030,
270,0.001542,
280,0.000497,
290,0.000980,
300,0.000725,
310,0.000658,
320,0.000294,
330,0.000564,
340,0.000453,
350,0.000411,
360,0.000723,
370,0.000345,
380,0.000435,
390,0.000283,
400,0.000388,
410,0.000496,
420,0.000276,
430,0.000939,
440,0.000554,
450,0.000259,
460,0.000469,
470,0.000866,
480,0.000183,
490,0.000559,
500,0.000431,
510,0.000595,
520,0.000836,
530,0.000319,
540,0.000399,
550,0.000554,
560,0.000512,
570,0.000390,
580,0.000272,
590,0.000458,
600,0.000245,
610,0.000229,
620,0.000587,
630,0.000316,
640,0.000619,
650,0.001241,
660,0.000346,
670,0.000489,
680,0.001037,
690,0.000231,
700,0.000348,
710,0.000275,
720,0.000633,
730,0.000286,
740,0.000364,
750,0.000399,
760,0.000457,
770,0.000317,
780,0.000244,
790,0.000367,
800,0.001103,
810,0.000295,
820,0.000304,
830,0.000472,
840,0.000403,
850,0.000298,
860,0.000385,
870,0.000353,
880,0.000423,
890,0.000463,
900,0.000335,
910,0.000705,
920,0.000403,
930,0.000368,
940,0.000440,
950,0.000440,
960,0.000447,
970,0.000194,
980,0.000679,
990,0.000402,
1000,0.000227,