
10,0.000008,0.000008,0.000010,0.000007,0.000010,0.000010,0.000007,0.000011,0.000007,0.000007,
20,0.000013,0.000010,0.000015,0.000016,0.000010,0.000013,0.000020,0.000013,0.000013,0.000010,
30,0.000016,0.000017,0.000016,0.000014,0.000017,0.000016,0.000017,0.000014,0.000018,0.000016,
40,0.000020,0.000023,0.000020,0.000023,0.000020,0.000023,0.000025,0.000021,0.000021,0.000021,
50,0.000029,0.000024,0.000026,0.000025,0.000180,0.000024,0.000026,0.000028,0.000022,0.000025,
60,0.000030,0.000029,0.000032,0.000032,0.000031,0.000030,0.000030,0.000029,0.000034,0.000029,
70,0.000036,0.000036,0.000036,0.000035,0.000035,0.000039,0.000036,0.000037,0.000036,0.000039,
80,0.000042,0.000041,0.000041,0.000058,0.000043,0.000042,0.000040,0.000042,0.000043,0.000042,
90,0.000047,0.000048,0.000048,0.000046,0.000047,0.000048,0.000049,0.000050,0.000048,0.000046,
100,0.000053,0.000057,0.000054,0.000053,0.000055,0.000055,0.000053,0.000054,0.000054,0.000052,
110,0.000063,0.000065,0.000062,0.000060,0.000064,0.000062,0.000061,0.000064,0.000061,0.000218,
120,0.000070,0.000068,0.000068,0.000070,0.000068,0.000072,0.000069,0.000068,0.000071,0.000068,
130,0.000077,0.000078,0.000079,0.000076,0.000078,0.000077,0.000077,0.000079,0.000081,0.000076,
140,0.000087,0.000092,0.000088,0.000087,0.000085,0.000087,0.000088,0.000086,0.000084,0.000086,
150,0.000098,0.000096,0.000252,0.000095,0.000099,0.000094,0.000094,0.000094,0.000096,0.000098,
160,0.000105,0.000106,0.000104,0.000104,0.000114,0.000105,0.000105,0.000108,0.000103,0.000107,
170,0.000116,0.000113,0.000113,0.000122,0.000118,0.000116,0.000115,0.000274,0.000119,0.000115,
180,0.000128,0.000127,0.000130,0.000125,0.000127,0.000129,0.000126,0.000130,0.000125,0.000125,
190,0.000135,0.000138,0.000138,0.000138,0.000137,0.000141,0.000136,0.000289,0.000137,0.000135,
200,0.000149,0.000149,0.000148,0.000254,0.000154,0.000151,0.000152,0.000161,0.000151,0.000149,
210,0.000162,0.000161,0.000168,0.000162,0.000314,0.000162,0.000160,0.000160,0.000164,0.000164,
220,0.000177,0.000184,0.000182,0.000184,0.000176,0.000174,0.000174,0.000175,0.000176,0.000181,
230,0.000339,0.000197,0.000189,0.000187,0.000189,0.000187,0.000187,0.000188,0.000187,0.000189,
240,0.000200,0.000203,0.000199,0.000351,0.000202,0.000200,0.000201,0.000202,0.000204,0.000200,
250,0.000215,0.000220,0.000215,0.000214,0.000216,0.000215,0.000374,0.000215,0.000220,0.000216,
260,0.000266,0.000229,0.000228,0.000230,0.000230,0.000230,0.000229,0.000377,0.000228,0.000229,
270,0.000243,0.000244,0.000248,0.000242,0.000245,0.000246,0.000244,0.000246,0.000390,0.000248,
280,0.000256,0.000264,0.000260,0.000261,0.000257,0.000259,0.000259,0.000258,0.000419,0.000261,
290,0.000276,0.000278,0.000276,0.000275,0.000272,0.000277,0.000278,0.000273,0.000427,0.000278,
300,0.000289,0.000415,0.000294,0.000288,0.000290,0.000294,0.000291,0.000442,0.000295,0.000292,
310,0.000309,0.000310,0.000310,0.000309,0.000308,0.000447,0.000308,0.000313,0.000310,0.000313,
320,0.000326,0.000325,0.000328,0.000475,0.000329,0.000326,0.000327,0.000328,0.000324,0.000327,
330,0.000342,0.000488,0.000343,0.000356,0.000343,0.000344,0.000341,0.000344,0.000341,0.000489,
340,0.000364,0.000360,0.000363,0.000366,0.000361,0.000367,0.000508,0.000363,0.000499,0.000364,
350,0.000383,0.000383,0.000384,0.000517,0.000382,0.000382,0.000381,0.000383,0.000379,0.000527,
360,0.000403,0.000526,0.000399,0.000402,0.000399,0.000400,0.000552,0.000400,0.000400,0.000404,
370,0.000421,0.000422,0.000561,0.000421,0.000421,0.000424,0.000420,0.000420,0.000563,0.000422,
380,0.000444,0.000442,0.000441,0.000439,0.000579,0.000450,0.000443,0.000443,0.000439,0.000442,
390,0.000601,0.000463,0.000462,0.000463,0.000460,0.000459,0.000589,0.000463,0.000461,0.000463,
400,0.000487,0.000625,0.000479,0.000479,0.000485,0.000481,0.000480,0.000626,0.000570,0.000481,
410,0.000506,0.000507,0.000645,0.000509,0.000505,0.000503,0.000507,0.000636,0.000508,0.000504,
420,0.000525,0.000531,0.000662,0.000524,0.000528,0.000525,0.000522,0.000663,0.000533,0.000527,
430,0.000552,0.000552,0.000697,0.000548,0.000550,0.000547,0.000696,0.000548,0.000545,0.000556,
440,0.000571,0.000714,0.000571,0.000579,0.000568,0.000721,0.000578,0.000671,0.000568,0.000569,
450,0.000728,0.000591,0.000591,0.000598,0.000730,0.000598,0.000598,0.000594,0.000594,0.000735,
460,0.000623,0.000621,0.000613,0.000759,0.000621,0.000620,0.000620,0.000763,0.000616,0.000622,
470,0.000642,0.000780,0.000648,0.000645,0.000643,0.000766,0.000643,0.000638,0.000640,0.000785,
480,0.000751,0.000670,0.000664,0.000805,0.000675,0.000671,0.000672,0.000809,0.000663,0.000673,
490,0.000698,0.000834,0.000695,0.000690,0.000835,0.000696,0.000688,0.000691,0.000831,0.000696,
500,0.000716,0.000721,0.000863,0.000726,0.000720,0.000854,0.000724,0.000720,0.000717,0.000870,
510,0.000819,0.000751,0.000870,0.000750,0.000746,0.000748,0.000879,0.000750,0.000742,0.000894,
520,0.000776,0.000771,0.000894,0.000771,0.000777,0.000779,0.000882,0.000774,0.000773,0.000903,
530,0.000799,0.000799,0.000940,0.000920,0.000799,0.000796,0.000931,0.000871,0.000803,0.000944,
540,0.000824,0.000831,0.000954,0.000832,0.000826,0.000961,0.000827,0.000827,0.000948,0.000832,
550,0.000860,0.000979,0.000854,0.000862,0.000984,0.000855,0.000858,0.000994,0.000851,0.000858,
560,0.001007,0.000977,0.000885,0.001008,0.000883,0.000883,0.001021,0.000888,0.000885,0.001028,
570,0.000913,0.000910,0.001045,0.000923,0.000913,0.001018,0.000906,0.001038,0.000909,0.000909,
580,0.001057,0.000941,0.000935,0.001063,0.001003,0.000946,0.001075,0.000946,0.001077,0.000948,
590,0.000962,0.001112,0.000972,0.000972,0.001106,0.000972,0.001100,0.000976,0.000980,0.001095,
600,0.001004,0.001006,0.001122,0.001002,0.001139,0.001065,0.001011,0.001138,0.001001,0.001123,
610,0.001028,0.001042,0.001161,0.001029,0.001169,0.001030,0.001031,0.001164,0.001037,0.001168,
620,0.001063,0.001065,0.001219,0.001075,0.001197,0.001130,0.001201,0.001069,0.001071,0.001201,
630,0.001098,0.001203,0.001102,0.001235,0.001095,0.001100,0.001210,0.001096,0.001215,0.001098,
640,0.001269,0.001119,0.001257,0.001238,0.001134,0.001271,0.001129,0.001260,0.001131,0.001128,
650,0.001312,0.001156,0.001273,0.001162,0.001277,0.001164,0.001298,0.001159,0.001288,0.001164,
660,0.001196,0.001312,0.001209,0.001302,0.001200,0.001324,0.001192,0.001304,0.001203,0.001340,
670,0.001229,0.001350,0.001246,0.001375,0.001230,0.001367,0.001225,0.001238,0.001358,0.001236,
680,0.001395,0.001270,0.001379,0.001265,0.001392,0.001268,0.001351,0.001268,0.001388,0.001263,
690,0.001421,0.001288,0.001419,0.001293,0.001448,0.001294,0.001447,0.001300,0.001429,0.001293,
700,0.001454,0.001332,0.001456,0.001456,0.001337,0.001430,0.001344,0.001458,0.001329,0.001447,
710,0.001410,0.001465,0.001378,0.001491,0.001369,0.001510,0.001369,0.001519,0.001364,0.001479,
720,0.001518,0.001404,0.001530,0.001432,0.001512,0.001513,0.001492,0.001396,0.001509,0.001403,
730,0.001533,0.001550,0.001451,0.001546,0.001443,0.001551,0.001477,0.001576,0.001583,0.001481,
740,0.001597,0.001478,0.001604,0.001475,0.001611,0.001556,0.001479,0.001605,0.001475,0.001580,
750,0.001520,0.001645,0.001633,0.001533,0.001645,0.001522,0.001601,0.001589,0.001511,0.001615,
760,0.001574,0.001679,0.001691,0.001559,0.001638,0.001567,0.001686,0.001676,0.001563,0.001662,
770,0.001584,0.001708,0.001694,0.001597,0.001708,0.001773,0.001612,0.001698,0.001598,0.001675,
780,0.001735,0.001626,0.001737,0.001743,0.001629,0.001762,0.001624,0.001749,0.001751,0.001625,
790,0.001809,0.001769,0.001709,0.001804,0.001771,0.001669,0.001823,0.001787,0.001662,0.001778,
800,0.001818,0.001705,0.001816,0.001792,0.001717,0.001834,0.001802,0.001720,0.001813,0.001832,
810,0.001749,0.001831,0.001880,0.001755,0.001833,0.001877,0.001765,0.001855,0.001832,0.001761,
820,0.001901,0.001899,0.001894,0.001790,0.001897,0.001897,0.001783,0.001907,0.001892,0.001786,
830,0.001951,0.001960,0.001930,0.001838,0.001933,0.001922,0.001820,0.001973,0.001932,0.001918,
840,0.001865,0.001987,0.001991,0.001863,0.001985,0.001989,0.001999,0.001873,0.001990,0.001980,
850,0.001992,0.001926,0.002033,0.002031,0.002016,0.001926,0.002023,0.002032,0.002053,0.001938,
860,0.002103,0.002072,0.002094,0.001960,0.002084,0.002068,0.002074,0.001965,0.002078,0.002088,
870,0.002122,0.002078,0.002008,0.002120,0.002137,0.002105,0.002002,0.002111,0.002113,0.002089,
880,0.002181,0.002049,0.002156,0.002110,0.002184,0.002165,0.002043,0.002160,0.002174,0.002154,
890,0.002192,0.002111,0.002191,0.002206,0.002207,0.002204,0.002190,0.002079,0.002229,0.002183,
900,0.002257,0.002238,0.002129,0.002245,0.002217,0.002232,0.002203,0.002217,0.002136,0.002208,
910,0.002287,0.002288,0.002259,0.002241,0.002285,0.002177,0.002265,0.002340,0.002266,0.002280,
920,0.002338,0.002334,0.002223,0.002331,0.002271,0.002327,0.002337,0.002332,0.002339,0.002305,
930,0.002273,0.002373,0.002410,0.002358,0.002329,0.002352,0.002358,0.002386,0.002364,0.002261,
940,0.002370,0.002436,0.002445,0.002457,0.002394,0.002373,0.002448,0.002402,0.002435,0.002306,
950,0.002464,0.002474,0.002455,0.002454,0.002454,0.002428,0.002411,0.002467,0.002487,0.002424,
960,0.002501,0.002494,0.002465,0.002416,0.002534,0.002484,0.002510,0.002554,0.002528,0.002531,
970,0.002532,0.002550,0.002511,0.002561,0.002532,0.002600,0.002544,0.002519,0.002549,0.002566,
980,0.002616,0.002598,0.002621,0.002628,0.002611,0.002569,0.002581,0.002606,0.002621,0.002589,
990,0.002650,0.002686,0.002649,0.002677,0.002655,0.002642,0.002653,0.002637,0.002663,0.002660,
1000,0.002702,0.002670,0.002653,0.002643,0.002735,0.002652,0.002680,0.002673,0.002659,0.002725,