
10,0.000004,0.000004,0.000004,0.000004,0.000004,0.000004,0.000004,0.000004,0.000004,0.000004,
20,0.000007,0.000007,0.000007,0.000007,0.000007,0.000007,0.000007,0.000007,0.000007,0.000007,
30,0.000011,0.000011,0.000011,0.000011,0.000010,0.000010,0.000010,0.000010,0.000010,0.000011,
40,0.000015,0.000015,0.000014,0.000014,0.000014,0.000015,0.000015,0.000015,0.000015,0.000015,
50,0.000019,0.000019,0.000019,0.000019,0.000021,0.000019,0.000019,0.000019,0.000019,0.000019,
60,0.000024,0.000024,0.000024,0.000024,0.000024,0.000024,0.000024,0.000024,0.000024,0.000024,
70,0.000029,0.000030,0.000029,0.000030,0.000029,0.000030,0.000030,0.000030,0.000030,0.000030,
80,0.000036,0.000035,0.000035,0.000035,0.000036,0.000036,0.000036,0.000035,0.000036,0.000035,
90,0.000042,0.000042,0.000042,0.000042,0.000042,0.000042,0.000042,0.000042,0.000042,0.000042,
100,0.000048,0.000049,0.000049,0.000049,0.000049,0.000049,0.000049,0.000049,0.000049,0.000048,
110,0.000056,0.000056,0.000056,0.000056,0.000056,0.000056,0.000056,0.000055,0.000056,0.000058,
120,0.000064,0.000064,0.000064,0.000063,0.000063,0.000064,0.000064,0.000064,0.000064,0.000063,
130,0.000071,0.000072,0.000071,0.000072,0.000071,0.000072,0.000071,0.000071,0.000072,0.000072,
140,0.000080,0.000080,0.000081,0.000080,0.000080,0.000080,0.000080,0.000081,0.000080,0.000081,
150,0.000090,0.000089,0.000091,0.000089,0.000090,0.000090,0.000089,0.000089,0.000090,0.000089,
160,0.000099,0.000099,0.000098,0.000099,0.000099,0.000099,0.000099,0.000099,0.000099,0.000099,
170,0.000108,0.000108,0.000109,0.000109,0.000109,0.000109,0.000108,0.000111,0.000109,0.000109,
180,0.000120,0.000120,0.000119,0.000119,0.000119,0.000119,0.000119,0.000120,0.000119,0.000119,
190,0.000130,0.000130,0.000130,0.000131,0.000130,0.000130,0.000130,0.000132,0.000130,0.000130,
200,0.000142,0.000142,0.000141,0.000143,0.000142,0.000141,0.000142,0.000142,0.000141,0.000142,
210,0.000153,0.000154,0.000153,0.000153,0.000155,0.000153,0.000153,0.000153,0.000153,0.000154,
220,0.000165,0.000165,0.000166,0.000166,0.000166,0.000165,0.000165,0.000165,0.000166,0.000166,
230,0.000181,0.000179,0.000178,0.000179,0.000179,0.000178,0.000179,0.000179,0.000179,0.000179,
240,0.000192,0.000192,0.000191,0.000194,0.000192,0.000191,0.000190,0.000192,0.000191,0.000191,
250,0.000205,0.000205,0.000204,0.000205,0.000205,0.000206,0.000207,0.000206,0.000206,0.000204,
260,0.000220,0.000219,0.000219,0.000219,0.000220,0.000220,0.000219,0.000221,0.000220,0.000219,
270,0.000233,0.000234,0.000235,0.000234,0.000234,0.000235,0.000234,0.000235,0.000236,0.000234,
280,0.000248,0.000249,0.000249,0.000249,0.000249,0.000249,0.000250,0.000249,0.000251,0.000249,
290,0.000265,0.000264,0.000264,0.000264,0.000264,0.000265,0.000265,0.000265,0.000266,0.000265,
300,0.000281,0.000282,0.000280,0.000280,0.000281,0.000280,0.000281,0.000283,0.000280,0.000281,
310,0.000297,0.000298,0.000297,0.000297,0.000297,0.000299,0.000298,0.000298,0.000299,0.000299,
320,0.000315,0.000314,0.000313,0.000315,0.000315,0.000314,0.000315,0.000313,0.000314,0.000314,
330,0.000331,0.000333,0.000330,0.000332,0.000331,0.000332,0.000331,0.000330,0.000331,0.000334,
340,0.000349,0.000349,0.000349,0.000349,0.000349,0.000350,0.000352,0.000349,0.000350,0.000348,
350,0.000368,0.000368,0.000367,0.000368,0.000366,0.000368,0.000368,0.000368,0.000367,0.000369,
360,0.000385,0.000387,0.000386,0.000386,0.000385,0.000385,0.000388,0.000385,0.000386,0.000387,
370,0.000407,0.000406,0.000407,0.000405,0.000406,0.000406,0.000406,0.000406,0.000406,0.000405,
380,0.000425,0.000426,0.000424,0.000424,0.000426,0.000426,0.000424,0.000424,0.000426,0.000425,
390,0.000448,0.000445,0.000446,0.000445,0.000446,0.000444,0.000446,0.000445,0.000444,0.000444,
400,0.000466,0.000467,0.000466,0.000467,0.000466,0.000466,0.000465,0.000466,0.000466,0.000466,
410,0.000485,0.000488,0.000490,0.000486,0.000487,0.000488,0.000489,0.000489,0.000486,0.000487,
420,0.000508,0.000509,0.000510,0.000509,0.000509,0.000507,0.000508,0.000509,0.000510,0.000508,
430,0.000531,0.000530,0.000533,0.000531,0.000531,0.000531,0.000531,0.000530,0.000529,0.000530,
440,0.000553,0.000554,0.000551,0.000553,0.000552,0.000554,0.000551,0.000556,0.000552,0.000552,
450,0.000577,0.000575,0.000575,0.000575,0.000579,0.000576,0.000577,0.000578,0.000575,0.000575,
460,0.000598,0.000601,0.000599,0.000600,0.000599,0.000599,0.000599,0.000599,0.000598,0.000599,
470,0.000623,0.000623,0.000622,0.000623,0.000622,0.000623,0.000622,0.000622,0.000622,0.000624,
480,0.000649,0.000646,0.000646,0.000651,0.000649,0.000647,0.000649,0.000649,0.000646,0.000648,
490,0.000671,0.000672,0.000670,0.000672,0.000673,0.000671,0.000671,0.000671,0.000673,0.000673,
500,0.000699,0.000698,0.000702,0.000698,0.000696,0.000698,0.000697,0.000696,0.000696,0.000700,
510,0.000722,0.000722,0.000723,0.000724,0.000723,0.000722,0.000723,0.000722,0.000722,0.000724,
520,0.000748,0.000748,0.000749,0.000747,0.000749,0.000749,0.000751,0.000750,0.000751,0.000750,
530,0.000774,0.000776,0.000776,0.000777,0.000776,0.000774,0.000776,0.000775,0.000773,0.000776,
540,0.000802,0.000801,0.000804,0.000804,0.000801,0.000804,0.000802,0.000803,0.000804,0.000802,
550,0.000830,0.000831,0.000829,0.000828,0.000829,0.000832,0.000833,0.000832,0.000829,0.000828,
560,0.000859,0.000857,0.000858,0.000856,0.000856,0.000856,0.000859,0.000858,0.000857,0.000858,
570,0.000886,0.000883,0.000887,0.000886,0.000885,0.000884,0.000886,0.000888,0.000886,0.000885,
580,0.000915,0.000915,0.000912,0.000915,0.000916,0.000915,0.000916,0.000915,0.000914,0.000914,
590,0.000941,0.000948,0.000942,0.000943,0.000948,0.000942,0.000943,0.000943,0.000944,0.000949,
600,0.000977,0.000976,0.000976,0.000974,0.000975,0.000973,0.000974,0.000976,0.000974,0.000975,
610,0.001001,0.001006,0.001004,0.001005,0.001008,0.001004,0.001003,0.001006,0.001001,0.001005,
620,0.001036,0.001034,0.001036,0.001035,0.001038,0.001035,0.001037,0.001036,0.001035,0.001036,
630,0.001069,0.001069,0.001069,0.001066,0.001065,0.001065,0.001065,0.001065,0.001066,0.001065,
640,0.001098,0.001096,0.001099,0.001099,0.001101,0.001097,0.001097,0.001097,0.001098,0.001097,
650,0.001129,0.001128,0.001131,0.001127,0.001130,0.001132,0.001132,0.001129,0.001132,0.001128,
660,0.001162,0.001165,0.001159,0.001166,0.001164,0.001163,0.001163,0.001163,0.001162,0.001162,
670,0.001193,0.001195,0.001197,0.001200,0.001196,0.001196,0.001195,0.001201,0.001198,0.001193,
680,0.001229,0.001228,0.001233,0.001230,0.001230,0.001230,0.001233,0.001234,0.001231,0.001230,
690,0.001263,0.001258,0.001264,0.001262,0.001263,0.001262,0.001265,0.001261,0.001265,0.001263,
700,0.001298,0.001295,0.001298,0.001300,0.001296,0.001300,0.001301,0.001300,0.001297,0.001296,
710,0.001334,0.001333,0.001330,0.001334,0.001332,0.001331,0.001328,0.001333,0.001331,0.001336,
720,0.001372,0.001369,0.001370,0.001372,0.001374,0.001368,0.001365,0.001367,0.001369,0.001366,
730,0.001402,0.001409,0.001402,0.001401,0.001398,0.001404,0.001406,0.001406,0.001404,0.001405,
740,0.001439,0.001439,0.001439,0.001440,0.001441,0.001438,0.001438,0.001440,0.001436,0.001441,
750,0.001480,0.001474,0.001478,0.001479,0.001481,0.001480,0.001478,0.001477,0.001474,0.001475,
760,0.001514,0.001515,0.001515,0.001511,0.001513,0.001514,0.001513,0.001516,0.001513,0.001512,
770,0.001548,0.001549,0.001549,0.001549,0.001551,0.001549,0.001548,0.001548,0.001548,0.001551,
780,0.001585,0.001585,0.001588,0.001593,0.001586,0.001589,0.001587,0.001588,0.001585,0.001584,
790,0.001625,0.001626,0.001625,0.001632,0.001631,0.001629,0.001628,0.001625,0.001627,0.001632,
800,0.001670,0.001667,0.001664,0.001668,0.001663,0.001667,0.001670,0.001666,0.001667,0.001666,
810,0.001705,0.001709,0.001705,0.001702,0.001702,0.001709,0.001702,0.001704,0.001707,0.001704,
820,0.001745,0.001744,0.001747,0.001744,0.001745,0.001744,0.001743,0.001745,0.001746,0.001747,
830,0.001786,0.001785,0.001788,0.001786,0.001788,0.001787,0.001781,0.001785,0.001786,0.001782,
840,0.001828,0.001835,0.001828,0.001826,0.001829,0.001825,0.001828,0.001825,0.001827,0.001828,
850,0.001866,0.001874,0.001871,0.001873,0.001871,0.001864,0.001872,0.001869,0.001877,0.001873,
860,0.001911,0.001910,0.001908,0.001907,0.001917,0.001910,0.001907,0.001916,0.001917,0.001916,
870,0.001956,0.001956,0.001950,0.001952,0.001949,0.001951,0.001953,0.001954,0.001949,0.001949,
880,0.001994,0.001992,0.001996,0.001999,0.001996,0.001998,0.001993,0.001993,0.001993,0.001998,
890,0.002037,0.002038,0.002040,0.002040,0.002037,0.002037,0.002035,0.002038,0.002039,0.002042,
900,0.002090,0.002082,0.002078,0.002085,0.002080,0.002082,0.002081,0.002084,0.002080,0.002078,
910,0.002124,0.002120,0.002123,0.002123,0.002127,0.002122,0.002124,0.002127,0.002127,0.002122,
920,0.002174,0.002170,0.002166,0.002171,0.002169,0.002177,0.002177,0.002174,0.002171,0.002177,
930,0.002223,0.002216,0.002221,0.002219,0.002211,0.002221,0.002218,0.002219,0.002216,0.002214,
940,0.002259,0.002260,0.002258,0.002255,0.002260,0.002259,0.002263,0.002259,0.002262,0.002256,
950,0.002306,0.002307,0.002304,0.002305,0.002305,0.002310,0.002306,0.002304,0.002305,0.002304,
960,0.002357,0.002351,0.002351,0.002349,0.002354,0.002358,0.002362,0.002356,0.002357,0.002350,
970,0.002399,0.002394,0.002398,0.002403,0.002401,0.002398,0.002403,0.002402,0.002401,0.002399,
980,0.002455,0.002455,0.002456,0.002447,0.002440,0.002448,0.002446,0.002445,0.002448,0.002445,
990,0.002495,0.002493,0.002494,0.002501,0.002492,0.002495,0.002494,0.002496,0.002488,0.002490,
1000,0.002539,0.002539,0.002541,0.002544,0.002549,0.002545,0.002540,0.002540,0.002536,0.002542,