
10,0.000112,
20,0.000126,
30,0.000474,
40,0.000373,
50,0.000521,
60,0.000634,
70,0.000676,
80,0.000829,
90,0.001092,
100,0.001284,
110,0.001280,
120,0.001566,
130,0.001582,
140,0.001618,
150,0.001748,
160,0.002036,
170,0.001724,
180,0.002169,
190,0.002276,
200,0.002559,
210,0.002424,
220,0.002789,
230,0.002764,
240,0.002793,
250,0.002794,
260,0.003025,
270,0.154189,
280,0.049689,
290,0.098021,
300,0.072512,
310,0.065761,
320,0.029371,
330,0.056428,
340,0.045287,
350,0.041110,
360,0.072326,
370,0.034501,
380,0.043537,
390,0.028259,
400,0.038792,
410,0.049643,
420,0.027629,
430,0.093905,
440,0.055363,
450,0.025878,
460,0.046873,
470,0.086625,
480,0.018327,
490,0.055860,
500,0.043073,
510,0.059544,
520,0.083560,
530,0.031938,
540,0.039869,
550,0.055366,
560,0.051187,
570,0.038973,
580,0.027173,
590,0.045845,
600,0.024508,
610,0.022878,
620,0.058652,
630,0.031571,
640,0.061927,
650,0.124103,
660,0.034566,
670,0.048894,
680,0.103682,
690,0.023069,
700,0.034819,
710,0.027540,
720,0.063300,
730,0.028638,
740,0.036366,
750,0.039929,
760,0.045689,
770,0.031665,
780,0.024361,
790,0.036719,
800,0.110319,
810,0.029495,
820,0.030378,
830,0.047171,
840,0.040346,
850,0.029849,
860,0.038546,
870,0.035293,
880,0.042269,
890,0.046315,
900,0.033515,
910,0.070481,
920,0.040343,
930,0.036822,
940,0.043987,
950,0.043953,
960,0.044728,
970,0.019376,
980,0.067947,
990,0.040165,
1000,0.022747,