
0,0.000000,0.000000,0.000000,0.000000,0.000000,0.000000,0.000000,0.000000,0.000000,0.000000,
10,0.000001,0.000001,0.000001,0.000001,0.000001,0.000001,0.000001,0.000001,0.000001,0.000001,
20,0.000002,0.000002,0.000002,0.000002,0.000002,0.000002,0.000002,0.000002,0.000002,0.000002,
30,0.000004,0.000004,0.000003,0.000004,0.000004,0.000004,0.000004,0.000004,0.000004,0.000004,
40,0.000005,0.000005,0.000005,0.000005,0.000005,0.000005,0.000005,0.000005,0.000005,0.000005,
50,0.000007,0.000007,0.000007,0.000007,0.000007,0.000007,0.000007,0.000007,0.000007,0.000007,
60,0.000009,0.000009,0.000009,0.000009,0.000009,0.000009,0.000009,0.000009,0.000009,0.000009,
70,0.000011,0.000011,0.000011,0.000011,0.000011,0.000011,0.000011,0.000011,0.000011,0.000011,
80,0.000013,0.000013,0.000013,0.000013,0.000013,0.000013,0.000013,0.000013,0.000012,0.000013,
90,0.000015,0.000016,0.000015,0.000015,0.000016,0.000015,0.000015,0.000015,0.000015,0.000016,
100,0.000018,0.000018,0.000018,0.000018,0.000018,0.000018,0.000019,0.000018,0.000018,0.000018,
110,0.000021,0.000022,0.000021,0.000021,0.000021,0.000021,0.000021,0.000021,0.000021,0.000021,
120,0.000025,0.000025,0.000025,0.000025,0.000024,0.000025,0.000024,0.000024,0.000024,0.000023,
130,0.000029,0.000028,0.000029,0.000028,0.000029,0.000029,0.000028,0.000029,0.000028,0.000029,
140,0.000031,0.000031,0.000031,0.000030,0.000032,0.000032,0.000032,0.000031,0.000032,0.000031,
150,0.000036,0.000035,0.000035,0.000035,0.000034,0.000035,0.000035,0.000033,0.000035,0.000035,
160,0.000039,0.000039,0.000039,0.000038,0.000039,0.000040,0.000038,0.000039,0.000039,0.000039,
170,0.000043,0.000042,0.000043,0.000044,0.000044,0.000044,0.000042,0.000042,0.000043,0.000044,
180,0.000044,0.000047,0.000046,0.000046,0.000047,0.000046,0.000047,0.000046,0.000047,0.000047,
190,0.000050,0.000051,0.000050,0.000051,0.000050,0.000050,0.000051,0.000051,0.000052,0.000049,
200,0.000055,0.000055,0.000055,0.000052,0.000054,0.000054,0.000055,0.000056,0.000054,0.000056,
210,0.000057,0.000057,0.000059,0.000061,0.000060,0.000060,0.000059,0.000059,0.000058,0.000058,
220,0.000063,0.000063,0.000064,0.000064,0.000063,0.000064,0.000065,0.000065,0.000065,0.000065,
230,0.000071,0.000068,0.000070,0.000069,0.000070,0.000070,0.000070,0.000070,0.000070,0.000070,
240,0.000073,0.000074,0.000073,0.000074,0.000074,0.000076,0.000075,0.000075,0.000073,0.000073,
250,0.000079,0.000079,0.000079,0.000080,0.000080,0.000080,0.000081,0.000082,0.000081,0.000080,
260,0.000086,0.000086,0.000087,0.000086,0.000088,0.000084,0.000086,0.000087,0.000086,0.000087,
270,0.000090,0.000093,0.000091,0.000091,0.000088,0.000089,0.000090,0.000093,0.000089,0.000090,
280,0.000095,0.000097,0.000098,0.000096,0.000097,0.000096,0.000099,0.000096,0.000096,0.000095,
290,0.000102,0.000103,0.000100,0.000104,0.000102,0.000100,0.000102,0.000101,0.000101,0.000102,
300,0.000110,0.000107,0.000107,0.000108,0.000108,0.000109,0.000108,0.000110,0.000108,0.000106,
310,0.000116,0.000113,0.000115,0.000115,0.000112,0.000115,0.000114,0.000115,0.000116,0.000115,
320,0.000119,0.000116,0.000121,0.000119,0.000123,0.000119,0.000120,0.000122,0.000121,0.000119,
330,0.000129,0.000125,0.000127,0.000125,0.000126,0.000126,0.000128,0.000122,0.000126,0.000127,
340,0.000133,0.000134,0.000134,0.000133,0.000132,0.000137,0.000132,0.000137,0.000134,0.000134,
350,0.000140,0.000139,0.000139,0.000143,0.000144,0.000143,0.000143,0.000141,0.000141,0.000142,
360,0.000150,0.000146,0.000147,0.000144,0.000146,0.000148,0.000145,0.000148,0.000147,0.000143,
370,0.000156,0.000158,0.000152,0.000156,0.000159,0.000151,0.000160,0.000153,0.000156,0.000152,
380,0.000159,0.000164,0.000160,0.000163,0.000163,0.000166,0.000158,0.000165,0.000164,0.000166,
390,0.000169,0.000168,0.000172,0.000164,0.000168,0.000172,0.000175,0.000172,0.000173,0.000174,
400,0.000178,0.000180,0.000177,0.000177,0.000177,0.000175,0.000180,0.000181,0.000179,0.000178,
410,0.000190,0.000187,0.000185,0.000183,0.000185,0.000179,0.000186,0.000184,0.000186,0.000185,
420,0.000197,0.000194,0.000191,0.000196,0.000193,0.000194,0.000193,0.000197,0.000195,0.000195,
430,0.000206,0.000207,0.000203,0.000203,0.000204,0.000206,0.000205,0.000207,0.000201,0.000205,
440,0.000211,0.000213,0.000214,0.000209,0.000212,0.000210,0.000206,0.000211,0.000210,0.000209,
450,0.000223,0.000217,0.000217,0.000219,0.000220,0.000217,0.000218,0.000218,0.000217,0.000221,
460,0.000229,0.000227,0.000229,0.000230,0.000228,0.000227,0.000228,0.000230,0.000227,0.000228,
470,0.000238,0.000238,0.000234,0.000239,0.000239,0.000240,0.000236,0.000241,0.000239,0.000239,
480,0.000240,0.000251,0.000244,0.000246,0.000245,0.000245,0.000246,0.000247,0.000242,0.000252,
490,0.000254,0.000255,0.000254,0.000252,0.000259,0.000253,0.000252,0.000259,0.000257,0.000251,
500,0.000267,0.000262,0.000271,0.000262,0.000267,0.000262,0.000262,0.000259,0.000259,0.000268,
510,0.000278,0.000275,0.000279,0.000273,0.000275,0.000275,0.000277,0.000271,0.000274,0.000279,
520,0.000282,0.000287,0.000285,0.000287,0.000285,0.000285,0.000284,0.000283,0.000281,0.000278,
530,0.000299,0.000300,0.000295,0.000296,0.000295,0.000296,0.000298,0.000293,0.000297,0.000291,
540,0.000305,0.000301,0.000308,0.000305,0.000304,0.000309,0.000309,0.000301,0.000304,0.000306,
550,0.000307,0.000314,0.000316,0.000319,0.000317,0.000318,0.000313,0.000309,0.000320,0.000312,
560,0.000323,0.000319,0.000327,0.000327,0.000326,0.000323,0.000325,0.000323,0.000328,0.000322,
570,0.000339,0.000335,0.000334,0.000341,0.000334,0.000336,0.000332,0.000339,0.000340,0.000329,
580,0.000351,0.000352,0.000348,0.000341,0.000348,0.000347,0.000348,0.000335,0.000339,0.000352,
590,0.000362,0.000359,0.000364,0.000361,0.000355,0.000362,0.000354,0.000350,0.000363,0.000363,
600,0.000364,0.000364,0.000366,0.000358,0.000365,0.000367,0.000371,0.000375,0.000370,0.000365,
610,0.000372,0.000382,0.000384,0.000375,0.000384,0.000377,0.000379,0.000379,0.000381,0.000375,
620,0.000396,0.000396,0.000392,0.000385,0.000386,0.000385,0.000391,0.000391,0.000388,0.000393,
630,0.000406,0.000409,0.000381,0.000398,0.000406,0.000411,0.000403,0.000407,0.000404,0.000404,
640,0.000417,0.000416,0.000406,0.000417,0.000414,0.000420,0.000412,0.000422,0.000413,0.000416,
650,0.000427,0.000434,0.000429,0.000436,0.000426,0.000428,0.000422,0.000437,0.000419,0.000432,
660,0.000442,0.000439,0.000438,0.000445,0.000438,0.000441,0.000439,0.000439,0.000425,0.000434,
670,0.000457,0.000449,0.000454,0.000452,0.000453,0.000450,0.000454,0.000456,0.000461,0.000460,
680,0.000469,0.000457,0.000467,0.000468,0.000476,0.000462,0.000468,0.000465,0.000467,0.000463,
690,0.000474,0.000476,0.000480,0.000468,0.000473,0.000480,0.000471,0.000475,0.000471,0.000480,
700,0.000495,0.000493,0.000489,0.000491,0.000494,0.000491,0.000497,0.000483,0.000486,0.000482,
710,0.000502,0.000504,0.000504,0.000508,0.000501,0.000503,0.000503,0.000503,0.000501,0.000514,
720,0.000520,0.000522,0.000519,0.000505,0.000515,0.000518,0.000517,0.000508,0.000519,0.000514,
730,0.000541,0.000525,0.000535,0.000527,0.000532,0.000524,0.000519,0.000532,0.000519,0.000535,
740,0.000538,0.000534,0.000543,0.000533,0.000547,0.000542,0.000543,0.000545,0.000549,0.000542,
750,0.000556,0.000553,0.000559,0.000555,0.000556,0.000563,0.000564,0.000557,0.000560,0.000558,
760,0.000580,0.000566,0.000577,0.000568,0.000577,0.000575,0.000569,0.000568,0.000576,0.000572,
770,0.000587,0.000588,0.000580,0.000584,0.000578,0.000588,0.000585,0.000579,0.000588,0.000580,
780,0.000599,0.000592,0.000602,0.000591,0.000596,0.000602,0.000593,0.000605,0.000596,0.000584,
790,0.000622,0.000619,0.000614,0.000626,0.000616,0.000620,0.000619,0.000624,0.000613,0.000608,
800,0.000637,0.000631,0.000629,0.000613,0.000626,0.000629,0.000631,0.000632,0.000614,0.000643,
810,0.000642,0.000648,0.000651,0.000654,0.000637,0.000645,0.000652,0.000633,0.000641,0.000634,
820,0.000650,0.000657,0.000663,0.000653,0.000664,0.000664,0.000664,0.000657,0.000635,0.000658,
830,0.000675,0.000683,0.000681,0.000668,0.000685,0.000681,0.000681,0.000676,0.000676,0.000672,
840,0.000683,0.000679,0.000703,0.000689,0.000688,0.000675,0.000686,0.000689,0.000697,0.000682,
850,0.000714,0.000707,0.000698,0.000688,0.000709,0.000702,0.000709,0.000711,0.000698,0.000711,
860,0.000722,0.000718,0.000720,0.000709,0.000707,0.000710,0.000716,0.000722,0.000731,0.000717,
870,0.000734,0.000742,0.000738,0.000717,0.000736,0.000741,0.000740,0.000736,0.000736,0.000731,
880,0.000751,0.000758,0.000762,0.000750,0.000753,0.000747,0.000756,0.000738,0.000750,0.000757,
890,0.000770,0.000761,0.000767,0.000762,0.000762,0.000768,0.000767,0.000753,0.000751,0.000772,
900,0.000770,0.000773,0.000788,0.000787,0.000772,0.000780,0.000769,0.000782,0.000779,0.000783,
910,0.000796,0.000789,0.000794,0.000799,0.000800,0.000803,0.000786,0.000780,0.000794,0.000802,
920,0.000824,0.000824,0.000813,0.000813,0.000824,0.000809,0.000828,0.000793,0.000820,0.000814,
930,0.000824,0.000824,0.000839,0.000834,0.000848,0.000841,0.000825,0.000821,0.000828,0.000842,
940,0.000847,0.000830,0.000848,0.000864,0.000855,0.000855,0.000858,0.000852,0.000843,0.000852,
950,0.000878,0.000866,0.000868,0.000852,0.000877,0.000865,0.000874,0.000864,0.000862,0.000880,
960,0.000889,0.000878,0.000892,0.000893,0.000890,0.000886,0.000879,0.000873,0.000881,0.000891,
970,0.000912,0.000919,0.000910,0.000894,0.000903,0.000912,0.000903,0.000899,0.000911,0.000899,
980,0.000923,0.000920,0.000925,0.000917,0.000917,0.000935,0.000925,0.000925,0.000931,0.000931,
990,0.000944,0.000944,0.000937,0.000958,0.000948,0.000943,0.000943,0.000938,0.000933,0.000937,
1000,0.000952,0.000964,0.000949,0.000948,0.000954,0.000955,0.000940,0.000973,0.000963,0.000951,