
0,0.000000,
10,0.000002,
20,0.000004,
30,0.000005,
40,0.000007,
50,0.000009,
60,0.000011,
70,0.000012,
80,0.000014,
90,0.000016,
100,0.000018,
110,0.000019,
120,0.000021,
130,0.000023,
140,0.000025,
150,0.000026,
160,0.000028,
170,0.000030,
180,0.000032,
190,0.000033,
200,0.000035,
210,0.000037,
220,0.000038,
230,0.000040,
240,0.000042,
250,0.000044,
260,0.000046,
270,0.000048,
280,0.000049,
290,0.000051,
300,0.000052,
310,0.000056,
320,0.000057,
330,0.000059,
340,0.000060,
350,0.000062,
360,0.000063,
370,0.000065,
380,0.000068,
390,0.000069,
400,0.000070,
410,0.000072,
420,0.000075,
430,0.000077,
440,0.000078,
450,0.000080,
460,0.000081,
470,0.000083,
480,0.000084,
490,0.000087,
500,0.000089,
510,0.000090,
520,0.000091,
530,0.000094,
540,0.000096,
550,0.000097,
560,0.000098,
570,0.000100,
580,0.000102,
590,0.000103,
600,0.000105,
610,0.000107,
620,0.000110,
630,0.000111,
640,0.000113,
650,0.000114,
660,0.000115,
670,0.000117,
680,0.000119,
690,0.000121,
700,0.000123,
710,0.000124,
720,0.000127,
730,0.000127,
740,0.000129,
750,0.000131,
760,0.000134,
770,0.000135,
780,0.000137,
790,0.000139,
800,0.000141,
810,0.000142,
820,0.000145,
830,0.000146,
840,0.000147,
850,0.000149,
860,0.000151,
870,0.000153,
880,0.000156,
890,0.000156,
900,0.000158,
910,0.000159,
920,0.000161,
930,0.000163,
940,0.000165,
950,0.000166,
960,0.000169,
970,0.000172,
980,0.000172,
990,0.000174,
1000,0.000175,