
0,0.000000,
10,0.000006,
20,0.000014,
30,0.000008,
40,0.000012,
50,0.000013,
60,0.000020,
70,0.000016,
80,0.000018,
90,0.000026,
100,0.000021,
110,0.000027,
120,0.000025,
130,0.000030,
140,0.000033,
150,0.000030,
160,0.000037,
170,0.000039,
180,0.000039,
190,0.000038,
200,0.000042,
210,0.000045,
220,0.000043,
230,0.000046,
240,0.000052,
250,0.000049,
260,0.000053,
270,0.000055,
280,0.000057,
290,0.000056,
300,0.000059,
310,0.000064,
320,0.000063,
330,0.000213,
340,0.000065,
350,0.000066,
360,0.000073,
370,0.000073,
380,0.000071,
390,0.000075,
400,0.000079,
410,0.000082,
420,0.000081,
430,0.000084,
440,0.000084,
450,0.000092,
460,0.000088,
470,0.000091,
480,0.000090,
490,0.000093,
500,0.000097,
510,0.000099,
520,0.000099,
530,0.000100,
540,0.000105,
550,0.000106,
560,0.000106,
570,0.000106,
580,0.000110,
590,0.000111,
600,0.000111,
610,0.000118,
620,0.000266,
630,0.000119,
640,0.000119,
650,0.000119,
660,0.000123,
670,0.000124,
680,0.000126,
690,0.000126,
700,0.000131,
710,0.000139,
720,0.000268,
730,0.000138,
740,0.000136,
750,0.000139,
760,0.000158,
770,0.000142,
780,0.000145,
790,0.000148,
800,0.000148,
810,0.000157,
820,0.000305,
830,0.000153,
840,0.000156,
850,0.000157,
860,0.000163,
870,0.000162,
880,0.000163,
890,0.000164,
900,0.000167,
910,0.000170,
920,0.000169,
930,0.000172,
940,0.000172,
950,0.000177,
960,0.000183,
970,0.000328,
980,0.000180,
990,0.000184,
1000,0.000182,