
0,0.000001,0.000000,0.000000,0.000000,0.000000,0.000000,0.000000,0.000000,0.000000,0.000000,
10,0.000005,0.000008,0.000005,0.000004,0.000007,0.000009,0.000004,0.000005,0.000004,0.000005,
20,0.000006,0.000012,0.000006,0.000008,0.000007,0.000008,0.000014,0.000006,0.000008,0.000006,
30,0.000009,0.000009,0.000008,0.000009,0.000009,0.000009,0.000011,0.000007,0.000009,0.000009,
40,0.000011,0.000014,0.000011,0.000013,0.000012,0.000011,0.000014,0.000011,0.000012,0.000014,
50,0.000014,0.000015,0.000014,0.000015,0.000014,0.000016,0.000014,0.000014,0.000017,0.000015,
60,0.000016,0.000016,0.000018,0.000015,0.000016,0.000022,0.000017,0.000020,0.000017,0.000017,
70,0.000019,0.000022,0.000020,0.000019,0.000022,0.000018,0.000018,0.000023,0.000019,0.000017,
80,0.000025,0.000020,0.000171,0.000021,0.000021,0.000023,0.000023,0.000024,0.000020,0.000021,
90,0.000023,0.000026,0.000022,0.000025,0.000024,0.000030,0.000022,0.000023,0.000025,0.000026,
100,0.000027,0.000030,0.000025,0.000029,0.000029,0.000027,0.000030,0.000025,0.000029,0.000024,
110,0.000033,0.000032,0.000029,0.000027,0.000031,0.000028,0.000033,0.000033,0.000028,0.000031,
120,0.000035,0.000033,0.000034,0.000036,0.000035,0.000034,0.000032,0.000036,0.000032,0.000034,
130,0.000038,0.000039,0.000036,0.000039,0.000036,0.000035,0.000040,0.000037,0.000035,0.000036,
140,0.000040,0.000046,0.000043,0.000040,0.000040,0.000044,0.000041,0.000039,0.000041,0.000040,
150,0.000046,0.000044,0.000045,0.000045,0.000046,0.000043,0.000046,0.000045,0.000045,0.000049,
160,0.000049,0.000049,0.000048,0.000050,0.000050,0.000048,0.000191,0.000047,0.000050,0.000049,
170,0.000053,0.000054,0.000056,0.000053,0.000053,0.000054,0.000054,0.000055,0.000058,0.000053,
180,0.000057,0.000059,0.000058,0.000060,0.000060,0.000057,0.000058,0.000058,0.000056,0.000057,
190,0.000061,0.000061,0.000062,0.000061,0.000061,0.000065,0.000064,0.000069,0.000062,0.000063,
200,0.000068,0.000066,0.000069,0.000067,0.000068,0.000068,0.000068,0.000066,0.000068,0.000068,
210,0.000072,0.000070,0.000215,0.000073,0.000073,0.000071,0.000073,0.000074,0.000072,0.000072,
220,0.000079,0.000078,0.000081,0.000075,0.000079,0.000077,0.000076,0.000078,0.000077,0.000079,
230,0.000085,0.000086,0.000082,0.000082,0.000081,0.000085,0.000082,0.000087,0.000083,0.000085,
240,0.000091,0.000087,0.000091,0.000086,0.000090,0.000235,0.000089,0.000090,0.000087,0.000092,
250,0.000093,0.000095,0.000096,0.000097,0.000098,0.000094,0.000093,0.000100,0.000097,0.000094,
260,0.000102,0.000101,0.000101,0.000106,0.000101,0.000110,0.000101,0.000105,0.000103,0.000107,
270,0.000106,0.000110,0.000112,0.000253,0.000105,0.000108,0.000109,0.000108,0.000107,0.000107,
280,0.000111,0.000114,0.000113,0.000113,0.000113,0.000114,0.000117,0.000115,0.000113,0.000114,
290,0.000122,0.000121,0.000120,0.000123,0.000119,0.000119,0.000265,0.000118,0.000123,0.000118,
300,0.000127,0.000127,0.000124,0.000127,0.000125,0.000127,0.000131,0.000127,0.000128,0.000130,
310,0.000132,0.000131,0.000142,0.000132,0.000135,0.000134,0.000139,0.000279,0.000135,0.000136,
320,0.000137,0.000144,0.000139,0.000143,0.000142,0.000142,0.000142,0.000148,0.000141,0.000139,
330,0.000151,0.000146,0.000147,0.000148,0.000149,0.000149,0.000292,0.000145,0.000147,0.000149,
340,0.000160,0.000158,0.000154,0.000154,0.000159,0.000158,0.000160,0.000155,0.000227,0.000154,
350,0.000165,0.000162,0.000163,0.000313,0.000162,0.000165,0.000168,0.000167,0.000167,0.000164,
360,0.000170,0.000171,0.000172,0.000173,0.000169,0.000175,0.000170,0.000170,0.000174,0.000311,
370,0.000180,0.000179,0.000183,0.000181,0.000180,0.000182,0.000181,0.000179,0.000184,0.000181,
380,0.000186,0.000185,0.000186,0.000184,0.000333,0.000192,0.000187,0.000192,0.000189,0.000190,
390,0.000201,0.000195,0.000199,0.000196,0.000197,0.000197,0.000199,0.000336,0.000197,0.000196,
400,0.000206,0.000204,0.000203,0.000207,0.000205,0.000204,0.000239,0.000207,0.000202,0.000207,
410,0.000352,0.000212,0.000216,0.000216,0.000215,0.000216,0.000216,0.000213,0.000212,0.000213,
420,0.000223,0.000223,0.000220,0.000361,0.000221,0.000222,0.000223,0.000221,0.000220,0.000223,
430,0.000229,0.000233,0.000233,0.000234,0.000367,0.000234,0.000231,0.000233,0.000233,0.000237,
440,0.000247,0.000242,0.000240,0.000242,0.000238,0.000394,0.000242,0.000243,0.000245,0.000244,
450,0.000251,0.000253,0.000251,0.000337,0.000257,0.000250,0.000399,0.000251,0.000248,0.000253,
460,0.000261,0.000267,0.000262,0.000260,0.000267,0.000266,0.000398,0.000268,0.000263,0.000262,
470,0.000276,0.000276,0.000270,0.000271,0.000271,0.000272,0.000404,0.000271,0.000277,0.000268,
480,0.000281,0.000283,0.000281,0.000276,0.000283,0.000280,0.000420,0.000278,0.000277,0.000286,
490,0.000291,0.000292,0.000297,0.000291,0.000287,0.000429,0.000292,0.000298,0.000297,0.000291,
500,0.000297,0.000305,0.000310,0.000302,0.000448,0.000307,0.000301,0.000306,0.000302,0.000303,
510,0.000311,0.000317,0.000310,0.000459,0.000312,0.000312,0.000318,0.000314,0.000309,0.000312,
520,0.000321,0.000454,0.000322,0.000321,0.000332,0.000326,0.000317,0.000420,0.000322,0.000463,
530,0.000338,0.000333,0.000334,0.000337,0.000338,0.000333,0.000335,0.000474,0.000335,0.000465,
540,0.000350,0.000341,0.000342,0.000346,0.000346,0.000484,0.000346,0.000342,0.000345,0.000346,
550,0.000359,0.000356,0.000482,0.000357,0.000361,0.000355,0.000358,0.000367,0.000356,0.000357,
560,0.000510,0.000364,0.000372,0.000369,0.000373,0.000369,0.000367,0.000494,0.000369,0.000377,
570,0.000391,0.000377,0.000385,0.000378,0.000517,0.000383,0.000377,0.000387,0.000380,0.000381,
580,0.000388,0.000526,0.000392,0.000393,0.000393,0.000448,0.000392,0.000539,0.000390,0.005745,
590,0.000400,0.000407,0.000405,0.000403,0.000534,0.000403,0.000409,0.000404,0.000408,0.000408,
600,0.000548,0.000413,0.000421,0.000427,0.000419,0.000417,0.000420,0.000556,0.000417,0.000411,
610,0.000428,0.000433,0.000432,0.000564,0.000431,0.000428,0.000431,0.000434,0.000439,0.000561,
620,0.000441,0.000436,0.000441,0.000445,0.000439,0.000579,0.000444,0.000445,0.000433,0.000442,
630,0.000451,0.000601,0.000453,0.000464,0.000469,0.000541,0.000454,0.000586,0.000453,0.000455,
640,0.000465,0.000464,0.000603,0.000467,0.000465,0.000476,0.000463,0.000471,0.000605,0.000466,
650,0.000490,0.000490,0.000487,0.000479,0.000615,0.000483,0.000486,0.000481,0.000486,0.000620,
660,0.000490,0.000494,0.000493,0.000490,0.000636,0.000494,0.000493,0.000491,0.000492,0.000496,
670,0.000654,0.000502,0.000506,0.000516,0.000526,0.000641,0.000506,0.000514,0.000598,0.000506,
680,0.000644,0.000528,0.000526,0.000523,0.000529,0.000647,0.000522,0.000530,0.000519,0.000527,
690,0.000642,0.000538,0.000539,0.000534,0.000533,0.000662,0.000537,0.000529,0.000542,0.000536,
700,0.000683,0.000546,0.000550,0.000541,0.000547,0.000680,0.000554,0.000548,0.000543,0.000682,
710,0.000565,0.000563,0.000573,0.000563,0.000681,0.000569,0.000565,0.000634,0.000564,0.000704,
720,0.000578,0.000580,0.000581,0.000687,0.000575,0.000585,0.000581,0.000579,0.000701,0.000585,
730,0.000602,0.000604,0.000716,0.000593,0.000607,0.000601,0.000600,0.000726,0.000600,0.000597,
740,0.000604,0.000745,0.000611,0.000604,0.000605,0.000739,0.000603,0.000611,0.000614,0.000618,
750,0.000764,0.000620,0.000626,0.000679,0.000751,0.000634,0.000617,0.000625,0.000734,0.000625,
760,0.000642,0.000648,0.000770,0.000639,0.000650,0.000635,0.000755,0.000632,0.000639,0.000651,
770,0.000654,0.000794,0.000662,0.000658,0.000648,0.000768,0.000658,0.000650,0.000647,0.000753,
780,0.000669,0.000668,0.000664,0.000814,0.000674,0.000693,0.000779,0.006786,0.000660,0.000658,
790,0.000826,0.000682,0.000697,0.000690,0.000781,0.000684,0.000683,0.000683,0.000796,0.000679,
800,0.000717,0.000698,0.000822,0.000714,0.000693,0.000835,0.000700,0.000699,0.000692,0.000821,
810,0.000716,0.000715,0.000726,0.000848,0.000718,0.000757,0.000815,0.000708,0.000733,0.000722,
820,0.000850,0.000748,0.000733,0.000741,0.000846,0.000730,0.000729,0.000848,0.000732,0.000760,
830,0.000763,0.000864,0.000754,0.000749,0.000874,0.000745,0.000756,0.000756,0.000859,0.000749,
840,0.000784,0.000884,0.000762,0.000764,0.000807,0.000868,0.000774,0.000772,0.000877,0.000761,
850,0.000776,0.000899,0.000778,0.000793,0.000796,0.000921,0.000775,0.000789,0.000903,0.000781,
860,0.000806,0.000916,0.000802,0.000795,0.000792,0.000956,0.000805,0.000798,0.000921,0.000807,
870,0.000833,0.000922,0.000809,0.000814,0.000937,0.000817,0.000837,0.000822,0.000924,0.000832,
880,0.000839,0.000928,0.000829,0.000825,0.000947,0.000832,0.000839,0.001007,0.000830,0.000840,
890,0.000981,0.000859,0.000855,0.000970,0.000850,0.000880,0.000972,0.000846,0.000852,0.000944,
900,0.000885,0.000897,0.000974,0.000861,0.000874,0.001001,0.000874,0.000879,0.000866,0.000966,
910,0.000874,0.000990,0.000887,0.000907,0.001004,0.000879,0.000889,0.000966,0.000885,0.000886,
920,0.000986,0.007913,0.000889,0.001018,0.000899,0.000908,0.001016,0.000890,0.000897,0.001003,
930,0.000936,0.000927,0.001044,0.000931,0.000930,0.001013,0.000926,0.001052,0.000928,0.000923,
940,0.001054,0.000935,0.000958,0.001047,0.000932,0.000938,0.001044,0.000950,0.000953,0.001070,
950,0.000969,0.001096,0.000947,0.000959,0.001079,0.000966,0.000962,0.001095,0.000977,0.001074,
960,0.000973,0.001007,0.001073,0.000990,0.000971,0.001084,0.000979,0.001101,0.000971,0.000987,
970,0.001096,0.001009,0.000999,0.001106,0.000996,0.001093,0.001007,0.001003,0.001135,0.000994,
980,0.001021,0.001119,0.001014,0.001104,0.001016,0.001038,0.001141,0.001021,0.001103,0.001007,
990,0.001045,0.001153,0.001038,0.001151,0.001030,0.001063,0.001137,0.001039,0.001157,0.001029,
1000,0.001045,0.001158,0.001062,0.001169,0.001038,0.001063,0.001153,0.001063,0.001191,0.001052,