
0,0.000000,
10,0.000001,
20,0.000003,
30,0.000005,
40,0.000006,
50,0.000008,
60,0.000009,
70,0.000011,
80,0.000012,
90,0.000013,
100,0.000015,
110,0.000017,
120,0.000019,
130,0.000022,
140,0.000024,
150,0.000025,
160,0.000027,
170,0.000028,
180,0.000030,
190,0.000031,
200,0.000033,
210,0.000035,
220,0.000036,
230,0.000038,
240,0.000039,
250,0.000041,
260,0.000044,
270,0.000045,
280,0.000047,
290,0.000048,
300,0.000050,
310,0.000052,
320,0.000054,
330,0.000055,
340,0.000057,
350,0.000059,
360,0.000059,
370,0.000061,
380,0.000064,
390,0.000066,
400,0.000067,
410,0.000070,
420,0.000071,
430,0.000073,
440,0.000074,
450,0.000075,
460,0.000077,
470,0.000078,
480,0.000080,
490,0.000081,
500,0.000084,
510,0.000086,
520,0.000088,
530,0.000090,
540,0.000092,
550,0.000093,
560,0.000094,
570,0.000095,
580,0.000097,
590,0.000100,
600,0.000101,
610,0.000103,
620,0.000105,
630,0.000106,
640,0.000109,
650,0.000111,
660,0.000113,
670,0.000114,
680,0.000116,
690,0.000117,
700,0.000119,
710,0.000120,
720,0.000120,
730,0.000123,
740,0.000123,
750,0.000127,
760,0.000129,
770,0.000132,
780,0.000134,
790,0.000135,
800,0.000137,
810,0.000139,
820,0.000140,
830,0.000142,
840,0.000142,
850,0.000145,
860,0.000146,
870,0.000148,
880,0.000150,
890,0.000151,
900,0.000154,
910,0.000156,
920,0.000157,
930,0.000158,
940,0.000160,
950,0.000162,
960,0.000163,
970,0.000165,
980,0.000166,
990,0.000169,
1000,0.000171,